#	       M	       K	       N	     v33	  no_tma	 dev_tma	host_tma
	       1	       4	    2048	0.002714	0.002547	0.004840	     nan
	       2	       4	    2048	0.003145	0.003040	0.004845	     nan
	       4	       4	    2048	0.003065	0.002855	0.005051	     nan
	       8	       4	    2048	0.002953	0.002851	0.005040	     nan
	      16	       4	    2048	0.003133	0.003017	0.004872	     nan
	      24	       4	    2048	0.003114	0.002916	0.005080	     nan
	      32	       4	    2048	0.003141	0.002887	0.005105	     nan
	      40	       4	    2048	0.003069	0.003039	0.004989	     nan
	      48	       4	    2048	0.003087	0.003047	0.005226	     nan
	      56	       4	    2048	0.003093	0.003065	0.005098	     nan
	      64	       4	    2048	0.003120	0.003059	0.005211	     nan
	      72	       4	    2048	0.003155	0.003087	0.005187	     nan
	      80	       4	    2048	0.003247	0.003059	0.005144	     nan
	      88	       4	    2048	0.003147	0.003106	0.005158	     nan
	      96	       4	    2048	0.003103	0.003114	0.005252	     nan
	     104	       4	    2048	0.003148	0.003104	0.005136	     nan
	     112	       4	    2048	0.003116	0.003110	0.005229	     nan
	     120	       4	    2048	0.003143	0.003125	0.005230	     nan
	     128	       4	    2048	0.003186	0.003125	0.005327	     nan
	     136	       4	    2048	0.003206	0.003382	0.005173	     nan
	     144	       4	    2048	0.003178	0.003403	0.005315	     nan
	     152	       4	    2048	0.003169	0.003424	0.005319	     nan
	     160	       4	    2048	0.003173	0.003409	0.005311	     nan
	     168	       4	    2048	0.003129	0.003027	0.005329	     nan
	     176	       4	    2048	0.003124	0.003020	0.005205	     nan
	     184	       4	    2048	0.003127	0.003024	0.005236	     nan
	     192	       4	    2048	0.003151	0.003019	0.005231	     nan
	     200	       4	    2048	0.003182	0.003071	0.005255	     nan
	     208	       4	    2048	0.003170	0.003060	0.005543	     nan
	     216	       4	    2048	0.003185	0.003137	0.005604	     nan
	     224	       4	    2048	0.003167	0.003093	0.005369	     nan
	     232	       4	    2048	0.003176	0.003097	0.005353	     nan
	     240	       4	    2048	0.003167	0.003085	0.005417	     nan
	     248	       4	    2048	0.003173	0.003066	0.005406	     nan
	     256	       4	    2048	0.003168	0.003058	0.005387	     nan
	     272	       4	    2048	0.003646	0.003539	0.005537	     nan
	     288	       4	    2048	0.003644	0.003556	0.005568	     nan
	     304	       4	    2048	0.003736	0.003730	0.005589	     nan
	     320	       4	    2048	0.003743	0.003716	0.005608	     nan
	     336	       4	    2048	0.003758	0.003545	0.005761	     nan
	     352	       4	    2048	0.003749	0.003558	0.005776	     nan
	     368	       4	    2048	0.003662	0.003744	0.005983	     nan
	     384	       4	    2048	0.003636	0.003815	0.005931	     nan
	     400	       4	    2048	0.003637	0.003763	0.005966	     nan
	     416	       4	    2048	0.003643	0.003768	0.006039	     nan
	     432	       4	    2048	0.003737	0.003563	0.006002	     nan
	     448	       4	    2048	0.003746	0.003576	0.006045	     nan
	     464	       4	    2048	0.003631	0.003596	0.006188	     nan
	     480	       4	    2048	0.003627	0.003599	0.006214	     nan
	     496	       4	    2048	0.003631	0.003604	0.006283	     nan
	     512	       4	    2048	0.003632	0.003606	0.006302	     nan
	     768	       4	    2048	0.004235	0.004093	0.007638	     nan
	    1024	       4	    2048	0.004870	0.004766	0.008385	     nan
	    1536	       4	    2048	0.007315	0.006623	0.009134	     nan
	    2048	       4	    2048	0.007650	0.007523	0.010090	     nan
	    3072	       4	    2048	0.010601	0.010296	0.015364	     nan
	    4096	       4	    2048	0.013488	0.013557	0.017466	     nan
	    7168	       4	    2048	0.021446	0.020941	0.027177	     nan
	    8192	       4	    2048	0.023830	0.022957	0.029850	     nan
	   11264	       4	    2048	0.031783	0.030847	0.044481	     nan
	   12288	       4	    2048	0.034465	0.033466	0.046524	     nan
	   15360	       4	    2048	0.042357	0.041039	0.057744	     nan
	   16384	       4	    2048	0.044983	0.044675	0.062901	     nan
	       1	     128	    2048	0.003481	0.003119	0.004962	0.002662
	       2	     128	    2048	0.003997	0.003700	0.005079	0.002727
	       4	     128	    2048	0.003539	0.003677	0.005229	0.002667
	       8	     128	    2048	0.003973	0.003701	0.005217	0.002466
	      16	     128	    2048	0.004004	0.003721	0.005151	0.002538
	      24	     128	    2048	0.003555	0.003708	0.005036	0.002547
	      32	     128	    2048	0.003740	0.003734	0.005096	0.002558
	      40	     128	    2048	0.004008	0.003732	0.005044	0.002452
	      48	     128	    2048	0.004014	0.003759	0.005035	0.002477
	      56	     128	    2048	0.004019	0.003772	0.005259	0.002429
	      64	     128	    2048	0.004052	0.003787	0.005058	0.002408
	      72	     128	    2048	0.003753	0.003793	0.005217	0.002693
	      80	     128	    2048	0.003707	0.003836	0.005227	0.002656
	      88	     128	    2048	0.003696	0.003841	0.005292	0.002631
	      96	     128	    2048	0.003691	0.003829	0.005327	0.002634
	     104	     128	    2048	0.003998	0.003875	0.005197	0.002969
	     112	     128	    2048	0.003997	0.003889	0.005202	0.002869
	     120	     128	    2048	0.003987	0.003858	0.005285	0.002829
	     128	     128	    2048	0.003989	0.003879	0.005341	0.002861
	     136	     128	    2048	0.004148	0.003945	0.005240	0.002956
	     144	     128	    2048	0.004139	0.003937	0.005297	0.003045
	     152	     128	    2048	0.004168	0.003964	0.005319	0.002935
	     160	     128	    2048	0.004172	0.003919	0.005225	0.002940
	     168	     128	    2048	0.004169	0.003892	0.005257	0.002858
	     176	     128	    2048	0.004163	0.003892	0.005246	0.002846
	     184	     128	    2048	0.004176	0.003895	0.005232	0.002791
	     192	     128	    2048	0.004177	0.003905	0.005330	0.002747
	     200	     128	    2048	0.004656	0.003907	0.005285	0.003059
	     208	     128	    2048	0.004654	0.003982	0.005365	0.003029
	     216	     128	    2048	0.004695	0.004035	0.005350	0.003003
	     224	     128	    2048	0.004695	0.003963	0.005366	0.003009
	     232	     128	    2048	0.004698	0.003961	0.005289	0.003108
	     240	     128	    2048	0.004732	0.003950	0.005293	0.003039
	     248	     128	    2048	0.004733	0.003999	0.005322	0.003002
	     256	     128	    2048	0.004733	0.003967	0.005461	0.002959
	     272	     128	    2048	0.004580	0.004057	0.005423	0.003329
	     288	     128	    2048	0.004595	0.004015	0.005394	0.003294
	     304	     128	    2048	0.004556	0.004598	0.005449	0.003128
	     320	     128	    2048	0.004566	0.004565	0.005437	0.003107
	     336	     128	    2048	0.004532	0.004749	0.005493	0.003157
	     352	     128	    2048	0.004513	0.004744	0.005528	0.003170
	     368	     128	    2048	0.004854	0.004743	0.005432	0.003148
	     384	     128	    2048	0.004853	0.004800	0.005443	0.003085
	     400	     128	    2048	0.004866	0.004518	0.005466	0.003253
	     416	     128	    2048	0.004866	0.004549	0.005535	0.003193
	     432	     128	    2048	0.004802	0.004533	0.005473	0.003150
	     448	     128	    2048	0.004795	0.004540	0.005429	0.003132
	     464	     128	    2048	0.004802	0.004119	0.005580	0.003758
	     480	     128	    2048	0.004794	0.004186	0.005601	0.003754
	     496	     128	    2048	0.004515	0.004355	0.005678	0.003169
	     512	     128	    2048	0.004523	0.004351	0.005445	0.003156
	     768	     128	    2048	0.005410	0.004825	0.007005	0.003646
	    1024	     128	    2048	0.005301	0.004933	0.006755	0.004185
	    1536	     128	    2048	0.006758	0.006621	0.008237	0.004927
	    2048	     128	    2048	0.007135	0.006893	0.008533	0.005808
	    3072	     128	    2048	0.010612	0.010073	0.013707	0.007557
	    4096	     128	    2048	0.012707	0.012096	0.014887	0.009681
	    7168	     128	    2048	0.022053	0.021177	0.026807	0.015835
	    8192	     128	    2048	0.024073	0.023676	0.028932	0.017397
	   11264	     128	    2048	0.032484	0.031239	0.042264	0.024116
	   12280	     128	    2048	0.035451	0.034081	0.043949	0.026058
	   15360	     128	    2048	0.043183	0.041678	0.055790	0.031688
	   16384	     128	    2048	0.045345	0.044506	0.056929	0.033501
	       1	    1024	    2048	0.006326	0.006659	0.007486	0.005118
	       2	    1024	    2048	0.006834	0.006296	0.007609	0.005159
	       4	    1024	    2048	0.006687	0.006181	0.006977	0.005148
	       8	    1024	    2048	0.006632	0.006632	0.006798	0.004932
	      16	    1024	    2048	0.006635	0.006538	0.007474	0.004822
	      24	    1024	    2048	0.006478	0.006577	0.007138	0.004760
	      32	    1024	    2048	0.006473	0.006545	0.007089	0.004717
	      40	    1024	    2048	0.006546	0.006009	0.007658	0.004917
	      48	    1024	    2048	0.006511	0.006043	0.007566	0.004928
	      56	    1024	    2048	0.006557	0.005914	0.007530	0.004773
	      64	    1024	    2048	0.006581	0.005917	0.007536	0.004755
	      72	    1024	    2048	0.007511	0.006462	0.008172	0.005832
	      80	    1024	    2048	0.007509	0.006826	0.008502	0.005585
	      88	    1024	    2048	0.007493	0.006538	0.007676	0.005454
	      96	    1024	    2048	0.007514	0.006501	0.007707	0.005352
	     104	    1024	    2048	0.007533	0.006608	0.008003	0.004937
	     112	    1024	    2048	0.007571	0.006549	0.007719	0.004680
	     120	    1024	    2048	0.007545	0.006588	0.007811	0.004354
	     128	    1024	    2048	0.007551	0.006581	0.007971	0.004268
	     136	    1024	    2048	0.008046	0.006567	0.008620	0.005209
	     144	    1024	    2048	0.008018	0.006737	0.008719	0.005272
	     152	    1024	    2048	0.008002	0.006625	0.008394	0.005052
	     160	    1024	    2048	0.008002	0.006688	0.008244	0.005183
	     168	    1024	    2048	0.007931	0.006801	0.008103	0.006431
	     176	    1024	    2048	0.007916	0.006720	0.007924	0.006086
	     184	    1024	    2048	0.007891	0.006669	0.007746	0.005616
	     192	    1024	    2048	0.007892	0.006649	0.007731	0.005505
	     200	    1024	    2048	0.007948	0.006649	0.008961	0.005182
	     208	    1024	    2048	0.007899	0.006615	0.008840	0.005123
	     216	    1024	    2048	0.007908	0.006604	0.008436	0.004989
	     224	    1024	    2048	0.007909	0.006636	0.008325	0.005051
	     232	    1024	    2048	0.007825	0.006621	0.008005	0.007135
	     240	    1024	    2048	0.007872	0.006612	0.007977	0.006467
	     248	    1024	    2048	0.007832	0.006624	0.008013	0.005983
	     256	    1024	    2048	0.007818	0.006630	0.007928	0.005826
	     272	    1024	    2048	0.009936	0.008795	0.009180	0.007083
	     288	    1024	    2048	0.010010	0.008871	0.008638	0.006649
	     304	    1024	    2048	0.010020	0.008542	0.008758	0.006487
	     320	    1024	    2048	0.009890	0.008404	0.008710	0.006266
	     336	    1024	    2048	0.010124	0.008486	0.009310	0.007053
	     352	    1024	    2048	0.010141	0.008360	0.009017	0.006818
	     368	    1024	    2048	0.010157	0.008822	0.008960	0.006347
	     384	    1024	    2048	0.010194	0.008823	0.008745	0.006218
	     400	    1024	    2048	0.010315	0.008279	0.009288	0.007466
	     416	    1024	    2048	0.010332	0.008347	0.009131	0.007032
	     432	    1024	    2048	0.010326	0.008317	0.008890	0.006507
	     448	    1024	    2048	0.010336	0.008309	0.009045	0.006430
	     464	    1024	    2048	0.010304	0.008330	0.009235	0.007312
	     480	    1024	    2048	0.010356	0.008335	0.009279	0.007023
	     496	    1024	    2048	0.010606	0.008812	0.008948	0.006650
	     512	    1024	    2048	0.010531	0.008728	0.008781	0.006363
	     768	    1024	    2048	0.012271	0.011136	0.013272	0.008217
	    1024	    1024	    2048	0.013843	0.010996	0.011949	0.008410
	    1536	    1024	    2048	0.017727	0.016472	0.016418	0.011793
	    2048	    1024	    2048	0.020651	0.017822	0.017004	0.013889
	    3072	    1024	    2048	0.036566	0.028697	0.033005	0.021732
	    4096	    1024	    2048	0.041910	0.035733	0.034573	0.030189
	    7168	    1024	    2048	0.080709	0.067994	0.066416	0.057294
	    8192	    1024	    2048	0.088232	0.073603	0.069013	0.062787
	   11264	    1024	    2048	0.137465	0.119131	0.100487	0.085434
	   12280	    1024	    2048	0.131897	0.108363	0.101182	0.090888
	   15360	    1024	    2048	0.164474	0.145738	0.135008	0.118756
	   16384	    1024	    2048	0.171748	0.142053	0.136865	0.124592
	       1	    2048	       1	0.006726	0.007366	0.008753	     nan
	       2	    2048	       1	0.008056	0.007873	0.008885	     nan
	       4	    2048	       1	0.008012	0.007741	0.008837	     nan
	       8	    2048	       1	0.007931	0.007796	0.008885	     nan
	      16	    2048	       1	0.008004	0.007850	0.008964	     nan
	      24	    2048	       1	0.007999	0.007853	0.008993	     nan
	      32	    2048	       1	0.007949	0.007729	0.008907	     nan
	      40	    2048	       1	0.007932	0.007671	0.008847	     nan
	      48	    2048	       1	0.008062	0.007690	0.008872	     nan
	      56	    2048	       1	0.007994	0.007658	0.008827	     nan
	      64	    2048	       1	0.007991	0.007635	0.008850	     nan
	      72	    2048	       1	0.007954	0.007780	0.009199	     nan
	      80	    2048	       1	0.007894	0.007970	0.009232	     nan
	      88	    2048	       1	0.008046	0.007975	0.009107	     nan
	      96	    2048	       1	0.007965	0.007902	0.009101	     nan
	     104	    2048	       1	0.007977	0.007919	0.009071	     nan
	     112	    2048	       1	0.007979	0.007821	0.009119	     nan
	     120	    2048	       1	0.008004	0.007960	0.009307	     nan
	     128	    2048	       1	0.008019	0.008050	0.009308	     nan
	     136	    2048	       1	0.008053	0.007989	0.010107	     nan
	     144	    2048	       1	0.008040	0.008018	0.010314	     nan
	     152	    2048	       1	0.008065	0.008309	0.010494	     nan
	     160	    2048	       1	0.008073	0.008224	0.010031	     nan
	     168	    2048	       1	0.008326	0.008131	0.009567	     nan
	     176	    2048	       1	0.008066	0.008253	0.010117	     nan
	     184	    2048	       1	0.008040	0.008222	0.010197	     nan
	     192	    2048	       1	0.008049	0.008184	0.009958	     nan
	     200	    2048	       1	0.008291	0.008130	0.009913	     nan
	     208	    2048	       1	0.008308	0.008130	0.009935	     nan
	     216	    2048	       1	0.008594	0.008439	0.009927	     nan
	     224	    2048	       1	0.008613	0.008406	0.009918	     nan
	     232	    2048	       1	0.008891	0.008443	0.009916	     nan
	     240	    2048	       1	0.008894	0.008431	0.009940	     nan
	     248	    2048	       1	0.008886	0.008717	0.010080	     nan
	     256	    2048	       1	0.008898	0.008706	0.009940	     nan
	     272	    2048	       1	0.008954	0.008846	0.010092	     nan
	     288	    2048	       1	0.008960	0.008879	0.010477	     nan
	     304	    2048	       1	0.008955	0.009043	0.010120	     nan
	     320	    2048	       1	0.008965	0.008954	0.010097	     nan
	     336	    2048	       1	0.008965	0.008943	0.011032	     nan
	     352	    2048	       1	0.008982	0.009069	0.010823	     nan
	     368	    2048	       1	0.008998	0.008994	0.011126	     nan
	     384	    2048	       1	0.008986	0.009000	0.011158	     nan
	     400	    2048	       1	0.009045	0.008992	0.011463	     nan
	     416	    2048	       1	0.009046	0.009020	0.011997	     nan
	     432	    2048	       1	0.009054	0.009032	0.011407	     nan
	     448	    2048	       1	0.009047	0.009017	0.012083	     nan
	     464	    2048	       1	0.009214	0.009024	0.012452	     nan
	     480	    2048	       1	0.009337	0.009168	0.013462	     nan
	     496	    2048	       1	0.009587	0.009193	0.012481	     nan
	     512	    2048	       1	0.009650	0.009575	0.013163	     nan
	     768	    2048	       1	0.010542	0.010537	0.014280	     nan
	    1024	    2048	       1	0.012217	0.011100	0.016859	     nan
	    1536	    2048	       1	0.013391	0.011965	0.018599	     nan
	    2048	    2048	       1	0.014451	0.013505	0.022074	     nan
	    3072	    2048	       1	0.018562	0.018041	0.026428	     nan
	    4096	    2048	       1	0.020952	0.020599	0.029717	     nan
	    7168	    2048	       1	0.029095	0.028536	0.035962	     nan
	    8192	    2048	       1	0.030277	0.029836	0.040391	     nan
	   11264	    2048	       1	0.044241	0.042477	0.048701	     nan
	   12280	    2048	       1	0.047968	0.045922	0.054355	     nan
	   15360	    2048	       1	0.056325	0.055248	0.060812	     nan
	   16384	    2048	       1	0.060183	0.056489	0.065545	     nan
	       1	    2048	      16	0.010075	0.008852	0.008639	0.005804
	       2	    2048	      16	0.011039	0.010199	0.008593	0.005799
	       4	    2048	      16	0.011048	0.010483	0.008526	0.005744
	       8	    2048	      16	0.010914	0.010118	0.008539	0.005748
	      16	    2048	      16	0.011019	0.010099	0.008533	0.005754
	      24	    2048	      16	0.011026	0.010128	0.008515	0.005903
	      32	    2048	      16	0.011008	0.010068	0.008450	0.006006
	      40	    2048	      16	0.010921	0.009998	0.008527	0.006130
	      48	    2048	      16	0.010894	0.010005	0.008527	0.006176
	      56	    2048	      16	0.010756	0.010012	0.008536	0.006267
	      64	    2048	      16	0.010749	0.010011	0.008538	0.006359
	      72	    2048	      16	0.010770	0.010050	0.008564	0.006350
	      80	    2048	      16	0.010761	0.010038	0.008551	0.006343
	      88	    2048	      16	0.010812	0.010032	0.008546	0.006338
	      96	    2048	      16	0.010846	0.010067	0.008540	0.006346
	     104	    2048	      16	0.010787	0.010133	0.008533	0.006429
	     112	    2048	      16	0.010792	0.010429	0.008786	0.006526
	     120	    2048	      16	0.010990	0.010293	0.008194	0.006388
	     128	    2048	      16	0.011058	0.010212	0.008144	0.006346
	     136	    2048	      16	0.011019	0.010144	0.008142	0.006342
	     144	    2048	      16	0.011061	0.010127	0.008142	0.006344
	     152	    2048	      16	0.011022	0.010147	0.008435	0.006346
	     160	    2048	      16	0.011090	0.010143	0.008177	0.006342
	     168	    2048	      16	0.011035	0.010141	0.008508	0.006350
	     176	    2048	      16	0.011135	0.010142	0.008508	0.006350
	     184	    2048	      16	0.011109	0.010144	0.008563	0.006344
	     192	    2048	      16	0.011327	0.010144	0.008509	0.006331
	     200	    2048	      16	0.011342	0.010229	0.008500	0.006343
	     208	    2048	      16	0.011272	0.010250	0.008534	0.006348
	     216	    2048	      16	0.011339	0.010303	0.008568	0.006344
	     224	    2048	      16	0.011229	0.010310	0.008578	0.006370
	     232	    2048	      16	0.011245	0.010315	0.008495	0.006380
	     240	    2048	      16	0.011205	0.010316	0.008597	0.006349
	     248	    2048	      16	0.011205	0.010361	0.008706	0.006430
	     256	    2048	      16	0.011217	0.010462	0.008888	0.006590
	     272	    2048	      16	0.011267	0.010926	0.008755	0.006366
	     288	    2048	      16	0.011237	0.010893	0.008639	0.006364
	     304	    2048	      16	0.011232	0.010591	0.008611	0.006318
	     320	    2048	      16	0.011226	0.010519	0.009063	0.006360
	     336	    2048	      16	0.011303	0.010487	0.008720	0.006293
	     352	    2048	      16	0.011380	0.010474	0.008801	0.006298
	     368	    2048	      16	0.011387	0.010492	0.008853	0.006306
	     384	    2048	      16	0.011394	0.010482	0.008824	0.006307
	     400	    2048	      16	0.011844	0.010507	0.009120	0.006303
	     416	    2048	      16	0.011847	0.010493	0.008857	0.006299
	     432	    2048	      16	0.012600	0.010505	0.008825	0.006305
	     448	    2048	      16	0.011785	0.010496	0.009036	0.006310
	     464	    2048	      16	0.011856	0.010563	0.009069	0.006319
	     480	    2048	      16	0.011981	0.010517	0.008793	0.006302
	     496	    2048	      16	0.012079	0.010521	0.008864	0.007014
	     512	    2048	      16	0.012130	0.010527	0.008818	0.007018
	     768	    2048	      16	0.012582	0.010701	0.009198	0.006497
	    1024	    2048	      16	0.012817	0.010859	0.009562	0.006593
	    1536	    2048	      16	0.013064	0.011229	0.010060	0.006702
	    2048	    2048	      16	0.014039	0.011473	0.010157	0.007156
	    3072	    2048	      16	0.014148	0.012440	0.011084	0.007858
	    4096	    2048	      16	0.015299	0.013265	0.011396	0.008301
	    7168	    2048	      16	0.019748	0.019244	0.015125	0.010919
	    8192	    2048	      16	0.022580	0.021246	0.015366	0.011935
	   11264	    2048	      16	0.030938	0.031412	0.023441	0.020339
	   12280	    2048	      16	0.032776	0.033109	0.025064	0.021725
	   15360	    2048	      16	0.040410	0.037588	0.029522	0.025845
	   16384	    2048	      16	0.043507	0.038576	0.031285	0.027132
	       1	    2048	     512	0.007932	0.008533	0.008808	0.007013
	       2	    2048	     512	0.009085	0.008248	0.008663	0.005771
	       4	    2048	     512	0.009562	0.008158	0.008142	0.005716
	       8	    2048	     512	0.009072	0.008116	0.008062	0.006900
	      16	    2048	     512	0.009081	0.008119	0.008641	0.005722
	      24	    2048	     512	0.009597	0.008121	0.008536	0.005739
	      32	    2048	     512	0.009599	0.008133	0.008665	0.005746
	      40	    2048	     512	0.009589	0.008136	0.008685	0.005757
	      48	    2048	     512	0.009597	0.008139	0.008596	0.005760
	      56	    2048	     512	0.009582	0.008162	0.008648	0.005767
	      64	    2048	     512	0.009610	0.008152	0.008601	0.005764
	      72	    2048	     512	0.009117	0.008173	0.008674	0.005830
	      80	    2048	     512	0.009116	0.008182	0.008699	0.005835
	      88	    2048	     512	0.009115	0.008187	0.008605	0.005814
	      96	    2048	     512	0.009127	0.008186	0.008709	0.005824
	     104	    2048	     512	0.009125	0.008212	0.008718	0.005801
	     112	    2048	     512	0.009131	0.008209	0.008758	0.005804
	     120	    2048	     512	0.009149	0.008545	0.008963	0.005891
	     128	    2048	     512	0.009143	0.008350	0.008980	0.005846
	     136	    2048	     512	0.009695	0.008305	0.008841	0.006083
	     144	    2048	     512	0.009677	0.008314	0.009012	0.005962
	     152	    2048	     512	0.009740	0.008289	0.008857	0.005911
	     160	    2048	     512	0.009649	0.008253	0.009033	0.005900
	     168	    2048	     512	0.009164	0.008254	0.008916	0.005843
	     176	    2048	     512	0.009178	0.008231	0.009019	0.005776
	     184	    2048	     512	0.009186	0.008231	0.009191	0.005817
	     192	    2048	     512	0.009200	0.008226	0.008990	0.005798
	     200	    2048	     512	0.009214	0.008240	0.008957	0.006094
	     208	    2048	     512	0.009205	0.008260	0.009128	0.005999
	     216	    2048	     512	0.009226	0.008275	0.009116	0.005955
	     224	    2048	     512	0.009240	0.008255	0.009168	0.005864
	     232	    2048	     512	0.009782	0.008294	0.009197	0.005869
	     240	    2048	     512	0.009772	0.008276	0.009256	0.005862
	     248	    2048	     512	0.009762	0.008299	0.009452	0.005840
	     256	    2048	     512	0.009766	0.008302	0.009215	0.005863
	     272	    2048	     512	0.011282	0.009548	0.009334	0.006543
	     288	    2048	     512	0.011396	0.009804	0.009681	0.006433
	     304	    2048	     512	0.011377	0.009698	0.009493	0.006178
	     320	    2048	     512	0.011405	0.009597	0.009479	0.006289
	     336	    2048	     512	0.011410	0.009552	0.009599	0.006885
	     352	    2048	     512	0.011427	0.009577	0.009447	0.006747
	     368	    2048	     512	0.011434	0.009543	0.009628	0.006584
	     384	    2048	     512	0.011400	0.009521	0.009510	0.006251
	     400	    2048	     512	0.011489	0.009545	0.009652	0.007332
	     416	    2048	     512	0.011838	0.009550	0.009775	0.007197
	     432	    2048	     512	0.011780	0.009559	0.009902	0.006629
	     448	    2048	     512	0.011651	0.009556	0.009670	0.006521
	     464	    2048	     512	0.011623	0.009533	0.009854	0.007683
	     480	    2048	     512	0.011523	0.009552	0.009772	0.007667
	     496	    2048	     512	0.011616	0.009544	0.009952	0.006929
	     512	    2048	     512	0.011554	0.009572	0.009888	0.006842
	     768	    2048	     512	0.012122	0.009679	0.010484	0.009271
	    1024	    2048	     512	0.012174	0.009709	0.010488	0.007482
	    1536	    2048	     512	0.016901	0.012081	0.012369	0.010531
	    2048	    2048	     512	0.016923	0.012400	0.012696	0.009136
	    3072	    2048	     512	0.020352	0.020677	0.020371	0.012971
	    4096	    2048	     512	0.023302	0.019654	0.021884	0.014138
	    7168	    2048	     512	0.040307	0.030844	0.027770	0.026737
	    8192	    2048	     512	0.042015	0.034693	0.030090	0.028069
	   11264	    2048	     512	0.065578	0.062072	0.052541	0.045715
	   12280	    2048	     512	0.067027	0.065129	0.055128	0.043270
	   15360	    2048	     512	0.077204	0.067463	0.062319	0.056562
	   16384	    2048	     512	0.079201	0.069281	0.066462	0.062867
	       1	    2048	    2560	0.009183	0.009242	0.009728	0.007648
	       2	    2048	    2560	0.009517	0.008696	0.009661	0.007838
	       4	    2048	    2560	0.009916	0.008556	0.009475	0.007745
	       8	    2048	    2560	0.009817	0.008582	0.009472	0.007265
	      16	    2048	    2560	0.009882	0.008559	0.009371	0.009033
	      24	    2048	    2560	0.009790	0.008245	0.009227	0.008145
	      32	    2048	    2560	0.009839	0.008287	0.009224	0.008026
	      40	    2048	    2560	0.009792	0.008325	0.009549	0.009605
	      48	    2048	    2560	0.009803	0.008329	0.009404	0.008833
	      56	    2048	    2560	0.011466	0.015389	0.009608	0.008672
	      64	    2048	    2560	0.011452	0.015390	0.009696	0.008598
	      72	    2048	    2560	0.011530	0.009623	0.010301	0.010466
	      80	    2048	    2560	0.011532	0.009584	0.010251	0.009504
	      88	    2048	    2560	0.011526	0.009581	0.010084	0.008835
	      96	    2048	    2560	0.011532	0.009596	0.010068	0.008816
	     104	    2048	    2560	0.012025	0.009580	0.010315	0.010662
	     112	    2048	    2560	0.012036	0.009608	0.010223	0.009754
	     120	    2048	    2560	0.012047	0.009917	0.010451	0.008807
	     128	    2048	    2560	0.012060	0.009752	0.010144	0.008567
	     136	    2048	    2560	0.012162	0.009728	0.012790	0.009031
	     144	    2048	    2560	0.012192	0.009702	0.012427	0.008621
	     152	    2048	    2560	0.012239	0.009699	0.012536	0.008160
	     160	    2048	    2560	0.012249	0.009689	0.011673	0.007976
	     168	    2048	    2560	0.012254	0.009711	0.011221	0.007760
	     176	    2048	    2560	0.012247	0.009710	0.010769	0.007496
	     184	    2048	    2560	0.012239	0.009697	0.010573	0.007330
	     192	    2048	    2560	0.012285	0.009725	0.010456	0.007266
	     200	    2048	    2560	0.014947	0.012249	0.012289	0.011278
	     208	    2048	    2560	0.015019	0.012031	0.012375	0.011104
	     216	    2048	    2560	0.014962	0.012193	0.011901	0.010961
	     224	    2048	    2560	0.015022	0.011971	0.011952	0.010597
	     232	    2048	    2560	0.016392	0.011794	0.011353	0.010457
	     240	    2048	    2560	0.016315	0.011800	0.011514	0.010083
	     248	    2048	    2560	0.016320	0.011818	0.011609	0.009678
	     256	    2048	    2560	0.016343	0.011815	0.011742	0.009611
	     272	    2048	    2560	0.017509	0.011872	0.012902	0.012281
	     288	    2048	    2560	0.017468	0.011927	0.013052	0.011493
	     304	    2048	    2560	0.017103	0.011903	0.011917	0.010506
	     320	    2048	    2560	0.017045	0.011902	0.012118	0.010056
	     336	    2048	    2560	0.017037	0.011966	0.013517	0.013158
	     352	    2048	    2560	0.017047	0.011968	0.013155	0.012611
	     368	    2048	    2560	0.017054	0.012019	0.012790	0.011132
	     384	    2048	    2560	0.017054	0.012026	0.012426	0.010519
	     400	    2048	    2560	0.019613	0.017835	0.018496	0.013909
	     416	    2048	    2560	0.019619	0.017874	0.019083	0.014269
	     432	    2048	    2560	0.019626	0.018141	0.017636	0.013517
	     448	    2048	    2560	0.019645	0.017868	0.017824	0.013582
	     464	    2048	    2560	0.019716	0.017890	0.019379	0.014034
	     480	    2048	    2560	0.019852	0.017907	0.019408	0.014278
	     496	    2048	    2560	0.019736	0.017924	0.018502	0.013562
	     512	    2048	    2560	0.019773	0.017956	0.019315	0.013506
	     768	    2048	    2560	0.023152	0.017601	0.023481	0.013817
	    1024	    2048	    2560	0.029588	0.028768	0.024856	0.019456
	    1536	    2048	    2560	0.037951	0.030880	0.027757	0.025233
	    2048	    2048	    2560	0.060634	0.052029	0.052096	0.036665
	    3072	    2048	    2560	0.080917	0.062420	0.056130	0.056555
	    4096	    2048	    2560	0.116719	0.091722	0.084935	0.088800
	    7168	    2048	    2560	0.203240	0.163824	0.143642	0.126862
	    8192	    2048	    2560	0.201419	0.161213	0.155014	0.168916
	   11264	    2048	    2560	0.265923	0.228187	0.207254	0.203618
	   12280	    2048	    2560	0.307197	0.259055	0.236983	0.215127
	   15360	    2048	    2560	0.406020	0.350512	0.299112	0.291183
	   16384	    2048	    2560	0.392302	0.330251	0.304802	0.287909
	       1	    2048	    3072	0.009506	0.010471	0.009898	0.008518
	       2	    2048	    3072	0.010354	0.008796	0.009365	0.008610
	       4	    2048	    3072	0.010010	0.008632	0.009556	0.008758
	       8	    2048	    3072	0.009352	0.008441	0.008869	0.007607
	      16	    2048	    3072	0.009869	0.008460	0.009370	0.007736
	      24	    2048	    3072	0.009809	0.008474	0.009641	0.009296
	      32	    2048	    3072	0.009813	0.008423	0.009463	0.008842
	      40	    2048	    3072	0.011467	0.009572	0.010028	0.010279
	      48	    2048	    3072	0.011444	0.009575	0.010145	0.009190
	      56	    2048	    3072	0.011555	0.009595	0.010025	0.008723
	      64	    2048	    3072	0.011533	0.009622	0.010016	0.008625
	      72	    2048	    3072	0.011630	0.009675	0.013173	0.009299
	      80	    2048	    3072	0.011631	0.009644	0.011879	0.009030
	      88	    2048	    3072	0.015242	0.009646	0.011757	0.008368
	      96	    2048	    3072	0.015259	0.009961	0.011821	0.008346
	     104	    2048	    3072	0.012522	0.009793	0.010886	0.011544
	     112	    2048	    3072	0.012461	0.009688	0.010555	0.010077
	     120	    2048	    3072	0.012390	0.009667	0.010270	0.008890
	     128	    2048	    3072	0.012288	0.009670	0.010198	0.008605
	     136	    2048	    3072	0.015429	0.011880	0.013063	0.011419
	     144	    2048	    3072	0.015708	0.011885	0.011984	0.010960
	     152	    2048	    3072	0.015601	0.011893	0.011903	0.010520
	     160	    2048	    3072	0.015483	0.011904	0.011441	0.010385
	     168	    2048	    3072	0.015875	0.011896	0.012026	0.010280
	     176	    2048	    3072	0.015580	0.011873	0.011347	0.010025
	     184	    2048	    3072	0.015697	0.011904	0.011643	0.009810
	     192	    2048	    3072	0.015651	0.011918	0.011539	0.009829
	     200	    2048	    3072	0.015130	0.011923	0.012915	0.012461
	     208	    2048	    3072	0.015171	0.011931	0.012602	0.011815
	     216	    2048	    3072	0.015199	0.011984	0.012379	0.011773
	     224	    2048	    3072	0.015117	0.012301	0.012763	0.011337
	     232	    2048	    3072	0.016704	0.012028	0.012455	0.010570
	     240	    2048	    3072	0.016765	0.011922	0.011657	0.010072
	     248	    2048	    3072	0.016742	0.011958	0.011546	0.009851
	     256	    2048	    3072	0.016721	0.011958	0.011915	0.009714
	     272	    2048	    3072	0.017074	0.012072	0.013943	0.013977
	     288	    2048	    3072	0.017044	0.012081	0.013351	0.012825
	     304	    2048	    3072	0.017060	0.012132	0.012663	0.011112
	     320	    2048	    3072	0.017082	0.012071	0.011943	0.010361
	     336	    2048	    3072	0.019730	0.017918	0.020207	0.014121
	     352	    2048	    3072	0.019718	0.017971	0.018658	0.013741
	     368	    2048	    3072	0.019768	0.017941	0.018561	0.013278
	     384	    2048	    3072	0.019752	0.017932	0.018034	0.013429
	     400	    2048	    3072	0.019878	0.017976	0.020410	0.015688
	     416	    2048	    3072	0.020035	0.018333	0.020224	0.015211
	     432	    2048	    3072	0.019979	0.018153	0.019384	0.014317
	     448	    2048	    3072	0.019920	0.018208	0.018651	0.014002
	     464	    2048	    3072	0.020005	0.018020	0.024212	0.014859
	     480	    2048	    3072	0.020270	0.018398	0.021972	0.013654
	     496	    2048	    3072	0.020297	0.019021	0.020320	0.013400
	     512	    2048	    3072	0.020073	0.018572	0.019024	0.012942
	     768	    2048	    3072	0.029173	0.028115	0.025417	0.018712
	    1024	    2048	    3072	0.030971	0.030505	0.025525	0.021237
	    1536	    2048	    3072	0.054335	0.052193	0.044918	0.039267
	    2048	    2048	    3072	0.068887	0.053437	0.056030	0.040846
	    3072	    2048	    3072	0.111672	0.090278	0.083000	0.073770
	    4096	    2048	    3072	0.132018	0.097954	0.090677	0.087514
	    7168	    2048	    3072	0.237751	0.197162	0.176481	0.164369
	    8192	    2048	    3072	0.245856	0.197510	0.172390	0.173665
	   11264	    2048	    3072	0.314048	0.262707	0.246019	0.238500
	   12280	    2048	    3072	0.362463	0.291800	0.270932	0.251072
	   15360	    2048	    3072	0.420063	0.367723	0.325771	0.319373
	   16384	    2048	    3072	0.458441	0.401402	0.350975	0.400604
	       1	    2048	   37984	0.066873	0.066652	0.061567	0.055890
	       2	    2048	   37984	0.058655	0.059053	0.061704	0.055328
	       4	    2048	   37984	0.057818	0.057547	0.061246	0.055202
	       8	    2048	   37984	0.058837	0.057347	0.061513	0.053893
	      16	    2048	   37984	0.058242	0.057644	0.065299	0.057171
	      24	    2048	   37984	0.059273	0.058879	0.058766	0.054141
	      32	    2048	   37984	0.059747	0.059612	0.062646	0.054489
	      40	    2048	   37984	0.060139	0.059750	0.060366	0.055012
	      48	    2048	   37984	0.060188	0.060266	0.061578	0.055251
	      56	    2048	   37984	0.060881	0.060311	0.061561	0.055545
	      64	    2048	   37984	0.061196	0.060679	0.062258	0.055766
	      72	    2048	   37984	0.071837	0.070721	0.072547	0.062864
	      80	    2048	   37984	0.072807	0.070931	0.073399	0.059555
	      88	    2048	   37984	0.072901	0.070827	0.072638	0.058466
	      96	    2048	   37984	0.073623	0.070752	0.074132	0.058856
	     104	    2048	   37984	0.078005	0.071823	0.076908	0.059388
	     112	    2048	   37984	0.074740	0.072306	0.071767	0.059949
	     120	    2048	   37984	0.073943	0.073021	0.071594	0.060423
	     128	    2048	   37984	0.074478	0.073007	0.071725	0.060304
	     136	    2048	   37984	0.102116	0.099105	0.098315	0.101459
	     144	    2048	   37984	0.104000	0.099701	0.097205	0.097960
	     152	    2048	   37984	0.102532	0.102485	0.096072	0.094373
	     160	    2048	   37984	0.104031	0.099891	0.095326	0.093316
	     168	    2048	   37984	0.104356	0.098014	0.095811	0.086596
	     176	    2048	   37984	0.104665	0.099021	0.094972	0.084130
	     184	    2048	   37984	0.111101	0.104518	0.095179	0.081927
	     192	    2048	   37984	0.108066	0.096800	0.095763	0.082609
	     200	    2048	   37984	0.120267	0.099467	0.094338	0.095314
	     208	    2048	   37984	0.121500	0.100160	0.093895	0.094831
	     216	    2048	   37984	0.118958	0.100478	0.093685	0.093127
	     224	    2048	   37984	0.123598	0.100736	0.096033	0.092709
	     232	    2048	   37984	0.122684	0.105518	0.096095	0.089668
	     240	    2048	   37984	0.123090	0.100923	0.096521	0.089530
	     248	    2048	   37984	0.116398	0.102096	0.095054	0.091124
	     256	    2048	   37984	0.119949	0.103187	0.096926	0.091749
	     272	    2048	   37984	0.151451	0.143220	0.128639	0.143969
	     288	    2048	   37984	0.151176	0.136342	0.128011	0.139953
	     304	    2048	   37984	0.168063	0.148275	0.121325	0.126695
	     320	    2048	   37984	0.153645	0.136558	0.125444	0.125427
	     336	    2048	   37984	0.166152	0.151086	0.127871	0.128572
	     352	    2048	   37984	0.162147	0.137388	0.124851	0.130127
	     368	    2048	   37984	0.167152	0.144223	0.127129	0.120685
	     384	    2048	   37984	0.172414	0.137790	0.125244	0.121844
	     400	    2048	   37984	0.207476	0.181264	0.163247	0.164896
	     416	    2048	   37984	0.202263	0.167747	0.163556	0.168344
	     432	    2048	   37984	0.198602	0.177188	0.156971	0.157927
	     448	    2048	   37984	0.204958	0.169385	0.159148	0.157467
	     464	    2048	   37984	0.206270	0.173568	0.170868	0.154979
	     480	    2048	   37984	0.208073	0.176887	0.158391	0.150386
	     496	    2048	   37984	0.227198	0.183607	0.158938	0.144249
	     512	    2048	   37984	0.208930	0.168151	0.159177	0.145623
	     768	    2048	   37984	0.291789	0.236875	0.241634	0.220236
	    1024	    2048	   37984	0.364763	0.324722	0.296770	0.280599
	    1536	    2048	   37984	0.569656	0.507359	0.450601	0.403451
	    2048	    2048	   37984	0.768140	0.600467	0.591416	0.532909
	    3072	    2048	   37984	1.120508	0.999386	0.935450	0.815809
	    4096	    2048	   37984	1.410367	1.251197	1.156852	1.046971
	    7168	    2048	   37984	2.513173	2.133796	1.943712	1.896364
	    8192	    2048	   37984	2.820226	2.922269	2.348560	2.090780
	   11264	    2048	   37984	3.870482	3.386521	3.184636	3.266021
	   12280	    2048	   37984	4.222684	3.676061	3.320718	3.132617
	   15360	    2048	   37984	5.484629	4.553652	4.160172	4.212732
	   16384	    2048	   37984	5.614726	5.712016	4.577428	4.156542
	     384	     384	     384	0.004968	0.005137	0.005807	0.003641
	    4096	    4096	    4096	0.290883	0.241304	0.221039	0.231962
	    1024	    1024	    1024	0.010712	0.009540	0.009241	0.005661
	    2048	    2048	    2048	0.039799	0.030872	0.028122	0.026144
	    4096	    4096	    4096	0.308319	0.244818	0.215571	0.243733
