#	       M	       K	       N	     v33	  no_tma	 dev_tma	host_tma
	       1	       4	    2048	0.042988	0.043946	0.057818	     nan
	       2	       4	    2048	0.043819	0.059927	0.053338	     nan
	       4	       4	    2048	0.043452	0.042667	0.052234	     nan
	       8	       4	    2048	0.042877	0.042641	0.049880	     nan
	      16	       4	    2048	0.042289	0.042427	0.055078	     nan
	      24	       4	    2048	0.041329	0.041884	0.048925	     nan
	      32	       4	    2048	0.040285	0.041357	0.049271	     nan
	      40	       4	    2048	0.040680	0.056068	0.049572	     nan
	      48	       4	    2048	0.041155	0.042825	0.048884	     nan
	      56	       4	    2048	0.040691	0.042551	0.049163	     nan
	      64	       4	    2048	0.041082	0.042611	0.048934	     nan
	      72	       4	    2048	0.040995	0.041751	0.049179	     nan
	      80	       4	    2048	0.041030	0.042252	0.052282	     nan
	      88	       4	    2048	0.040931	0.041688	0.049133	     nan
	      96	       4	    2048	0.040852	0.041821	0.048931	     nan
	     104	       4	    2048	0.040739	0.041771	0.048901	     nan
	     112	       4	    2048	0.041284	0.041938	0.049965	     nan
	     120	       4	    2048	0.040822	0.042023	0.049094	     nan
	     128	       4	    2048	0.040802	0.041764	0.048873	     nan
	     136	       4	    2048	0.041630	0.042386	0.049322	     nan
	     144	       4	    2048	0.040846	0.042104	0.049513	     nan
	     152	       4	    2048	0.041182	0.042280	0.049392	     nan
	     160	       4	    2048	0.041662	0.042136	0.049240	     nan
	     168	       4	    2048	0.040815	0.042545	0.048721	     nan
	     176	       4	    2048	0.040805	0.042637	0.049376	     nan
	     184	       4	    2048	0.040778	0.041092	0.048824	     nan
	     192	       4	    2048	0.040824	0.041908	0.048914	     nan
	     200	       4	    2048	0.041092	0.042310	0.049466	     nan
	     208	       4	    2048	0.046056	0.042261	0.048545	     nan
	     216	       4	    2048	0.040631	0.042083	0.049610	     nan
	     224	       4	    2048	0.040962	0.042206	0.048796	     nan
	     232	       4	    2048	0.041710	0.042430	0.048990	     nan
	     240	       4	    2048	0.040480	0.042218	0.049025	     nan
	     248	       4	    2048	0.041399	0.042215	0.049182	     nan
	     256	       4	    2048	0.040767	0.042189	0.048713	     nan
	     272	       4	    2048	0.040870	0.041811	0.049431	     nan
	     288	       4	    2048	0.040058	0.040831	0.049546	     nan
	     304	       4	    2048	0.041625	0.040588	0.049048	     nan
	     320	       4	    2048	0.041122	0.040615	0.049281	     nan
	     336	       4	    2048	0.041210	0.039979	0.049020	     nan
	     352	       4	    2048	0.041330	0.041257	0.048937	     nan
	     368	       4	    2048	0.041241	0.040789	0.049555	     nan
	     384	       4	    2048	0.040948	0.041039	0.049109	     nan
	     400	       4	    2048	0.040739	0.040851	0.049599	     nan
	     416	       4	    2048	0.040978	0.041667	0.049299	     nan
	     432	       4	    2048	0.041624	0.041900	0.049106	     nan
	     448	       4	    2048	0.041183	0.041483	0.048793	     nan
	     464	       4	    2048	0.041173	0.041556	0.048772	     nan
	     480	       4	    2048	0.041012	0.042055	0.048986	     nan
	     496	       4	    2048	0.040821	0.041853	0.049104	     nan
	     512	       4	    2048	0.040872	0.042360	0.049623	     nan
	     768	       4	    2048	0.040978	0.042383	0.062324	     nan
	    1024	       4	    2048	0.040684	0.041730	0.049124	     nan
	    1536	       4	    2048	0.040526	0.042356	0.052344	     nan
	    2048	       4	    2048	0.040321	0.050780	0.049779	     nan
	    3072	       4	    2048	0.040926	0.041896	0.049044	     nan
	    4096	       4	    2048	0.041558	0.041809	0.048874	     nan
	    7168	       4	    2048	0.041269	0.041632	0.049040	     nan
	    8192	       4	    2048	0.041881	0.041063	0.049078	     nan
	   11264	       4	    2048	0.041211	0.042160	0.049794	     nan
	   12288	       4	    2048	0.041466	0.041944	0.049182	     nan
	   15360	       4	    2048	0.044893	0.043556	0.060106	     nan
	   16384	       4	    2048	0.047634	0.046390	0.064533	     nan
	       1	     128	    2048	0.041619	0.041709	0.048649	0.104123
	       2	     128	    2048	0.041362	0.042368	0.050189	0.099546
	       4	     128	    2048	0.041666	0.041720	0.049171	0.095842
	       8	     128	    2048	0.041024	0.042063	0.049229	0.087310
	      16	     128	    2048	0.041481	0.041119	0.048943	0.106803
	      24	     128	    2048	0.041807	0.049973	0.058555	0.105807
	      32	     128	    2048	0.042418	0.050806	0.060441	0.107668
	      40	     128	    2048	0.040956	0.050354	0.060281	0.107348
	      48	     128	    2048	0.041122	0.050695	0.059844	0.108217
	      56	     128	    2048	0.041223	0.051020	0.059888	0.107363
	      64	     128	    2048	0.040132	0.050759	0.059922	0.107386
	      72	     128	    2048	0.041664	0.050493	0.059209	0.087531
	      80	     128	    2048	0.041841	0.042551	0.049322	0.087678
	      88	     128	    2048	0.041586	0.041616	0.048893	0.088584
	      96	     128	    2048	0.041691	0.042206	0.055984	0.087039
	     104	     128	    2048	0.041087	0.042421	0.049326	0.087837
	     112	     128	    2048	0.057628	0.042260	0.049338	0.087861
	     120	     128	    2048	0.041137	0.041305	0.048911	0.087897
	     128	     128	    2048	0.040644	0.041085	0.048344	0.086924
	     136	     128	    2048	0.040794	0.040913	0.048756	0.088333
	     144	     128	    2048	0.043924	0.041953	0.049104	0.093203
	     152	     128	    2048	0.040946	0.041776	0.048650	0.087797
	     160	     128	    2048	0.040802	0.041660	0.049139	0.087982
	     168	     128	    2048	0.044667	0.042080	0.049345	0.088142
	     176	     128	    2048	0.040993	0.042171	0.048803	0.088821
	     184	     128	    2048	0.040920	0.042144	0.048834	0.088284
	     192	     128	    2048	0.040956	0.041114	0.048903	0.088172
	     200	     128	    2048	0.041518	0.041481	0.048832	0.088203
	     208	     128	    2048	0.041194	0.041972	0.048755	0.087319
	     216	     128	    2048	0.041494	0.041772	0.049104	0.087949
	     224	     128	    2048	0.041061	0.041669	0.048637	0.087316
	     232	     128	    2048	0.041555	0.041715	0.048608	0.087954
	     240	     128	    2048	0.041946	0.041282	0.048946	0.086984
	     248	     128	    2048	0.041565	0.042097	0.048964	0.087597
	     256	     128	    2048	0.041456	0.041943	0.049382	0.087200
	     272	     128	    2048	0.041034	0.041839	0.049198	0.087434
	     288	     128	    2048	0.041814	0.042027	0.048837	0.086973
	     304	     128	    2048	0.041368	0.044561	0.048907	0.088167
	     320	     128	    2048	0.041760	0.042244	0.049111	0.088268
	     336	     128	    2048	0.042024	0.043137	0.049706	0.087765
	     352	     128	    2048	0.041728	0.042260	0.048943	0.088990
	     368	     128	    2048	0.041968	0.041809	0.049034	0.087770
	     384	     128	    2048	0.041243	0.041548	0.048879	0.087502
	     400	     128	    2048	0.041452	0.041992	0.048401	0.093482
	     416	     128	    2048	0.041622	0.041891	0.049063	0.086734
	     432	     128	    2048	0.041611	0.041386	0.049202	0.087442
	     448	     128	    2048	0.042088	0.041852	0.048684	0.087547
	     464	     128	    2048	0.041530	0.041988	0.049181	0.088685
	     480	     128	    2048	0.041527	0.041674	0.049197	0.088694
	     496	     128	    2048	0.041569	0.041802	0.049209	0.087790
	     512	     128	    2048	0.040851	0.042088	0.049592	0.087671
	     768	     128	    2048	0.041649	0.046231	0.048727	0.087708
	    1024	     128	    2048	0.041533	0.042504	0.049114	0.088141
	    1536	     128	    2048	0.041452	0.042155	0.048954	0.090292
	    2048	     128	    2048	0.041156	0.042132	0.049751	0.088638
	    3072	     128	    2048	0.041035	0.041810	0.049603	0.088201
	    4096	     128	    2048	0.041460	0.041336	0.048701	0.088503
	    7168	     128	    2048	0.040969	0.042021	0.049297	0.087816
	    8192	     128	    2048	0.041260	0.041589	0.048827	0.087357
	   11264	     128	    2048	0.040820	0.041319	0.048757	0.086994
	   12280	     128	    2048	0.041300	0.041396	0.049330	0.105519
	   15360	     128	    2048	0.044756	0.050111	0.060711	0.106422
	   16384	     128	    2048	0.047435	0.050498	0.059760	0.106685
	       1	    1024	    2048	0.041308	0.049664	0.058455	0.106516
	       2	    1024	    2048	0.041043	0.050373	0.059163	0.106422
	       4	    1024	    2048	0.040977	0.050400	0.058272	0.104284
	       8	    1024	    2048	0.041415	0.050533	0.058630	0.104653
	      16	    1024	    2048	0.040858	0.050565	0.058944	0.106869
	      24	    1024	    2048	0.040824	0.049954	0.058471	0.106863
	      32	    1024	    2048	0.040883	0.051082	0.058509	0.106072
	      40	    1024	    2048	0.040743	0.050560	0.059277	0.106920
	      48	    1024	    2048	0.040877	0.050976	0.058361	0.105438
	      56	    1024	    2048	0.040894	0.049752	0.058805	0.105911
	      64	    1024	    2048	0.040801	0.050136	0.058535	0.105310
	      72	    1024	    2048	0.041072	0.049858	0.058497	0.105874
	      80	    1024	    2048	0.040680	0.050851	0.058436	0.104832
	      88	    1024	    2048	0.040884	0.050307	0.058705	0.105470
	      96	    1024	    2048	0.040805	0.050004	0.058665	0.104718
	     104	    1024	    2048	0.041220	0.050091	0.059205	0.105361
	     112	    1024	    2048	0.044498	0.049777	0.058719	0.105027
	     120	    1024	    2048	0.041445	0.050296	0.058996	0.105942
	     128	    1024	    2048	0.040376	0.049928	0.059126	0.106017
	     136	    1024	    2048	0.041262	0.049644	0.058978	0.105428
	     144	    1024	    2048	0.040941	0.049884	0.058891	0.105924
	     152	    1024	    2048	0.041414	0.049980	0.059150	0.106675
	     160	    1024	    2048	0.040721	0.050242	0.058509	0.106114
	     168	    1024	    2048	0.041459	0.050118	0.061387	0.106527
	     176	    1024	    2048	0.040836	0.049547	0.058629	0.106528
	     184	    1024	    2048	0.040862	0.049670	0.058491	0.106236
	     192	    1024	    2048	0.040773	0.049045	0.058449	0.106535
	     200	    1024	    2048	0.041097	0.049681	0.059231	0.106458
	     208	    1024	    2048	0.040653	0.054478	0.058853	0.105814
	     216	    1024	    2048	0.040905	0.050573	0.059001	0.105826
	     224	    1024	    2048	0.040418	0.049897	0.058842	0.106570
	     232	    1024	    2048	0.040824	0.049761	0.059155	0.105953
	     240	    1024	    2048	0.040558	0.049052	0.058541	0.105245
	     248	    1024	    2048	0.040952	0.049619	0.058625	0.105449
	     256	    1024	    2048	0.041161	0.049777	0.058754	0.106618
	     272	    1024	    2048	0.040843	0.049942	0.059033	0.106349
	     288	    1024	    2048	0.040581	0.050950	0.059123	0.105093
	     304	    1024	    2048	0.040585	0.049976	0.058532	0.105951
	     320	    1024	    2048	0.041137	0.049431	0.058350	0.105777
	     336	    1024	    2048	0.041183	0.049792	0.058686	0.106005
	     352	    1024	    2048	0.040421	0.048705	0.058505	0.106929
	     368	    1024	    2048	0.040448	0.049495	0.058475	0.102488
	     384	    1024	    2048	0.040767	0.041026	0.048911	0.087201
	     400	    1024	    2048	0.040748	0.040872	0.048591	0.087367
	     416	    1024	    2048	0.040860	0.041130	0.048699	0.087199
	     432	    1024	    2048	0.040643	0.041449	0.048452	0.087988
	     448	    1024	    2048	0.040143	0.041503	0.048367	0.087313
	     464	    1024	    2048	0.040362	0.041663	0.048373	0.087724
	     480	    1024	    2048	0.041303	0.041537	0.048557	0.088166
	     496	    1024	    2048	0.040019	0.041384	0.048337	0.087640
	     512	    1024	    2048	0.040692	0.041761	0.048725	0.087889
	     768	    1024	    2048	0.040682	0.040530	0.048485	0.087748
	    1024	    1024	    2048	0.041612	0.042910	0.048787	0.087956
	    1536	    1024	    2048	0.041719	0.041384	0.050289	0.088675
	    2048	    1024	    2048	0.041751	0.041638	0.048980	0.087145
	    3072	    1024	    2048	0.042362	0.042039	0.049140	0.087193
	    4096	    1024	    2048	0.041221	0.040956	0.048396	0.086813
	    7168	    1024	    2048	0.077788	0.064976	0.065345	0.087299
	    8192	    1024	    2048	0.080063	0.068155	0.068258	0.087737
	   11264	    1024	    2048	0.116726	0.100630	0.101012	0.087110
	   12280	    1024	    2048	0.118551	0.100283	0.100106	0.088221
	   15360	    1024	    2048	0.160956	0.134446	0.134372	0.107100
	   16384	    1024	    2048	0.169799	0.143365	0.140963	0.117003
	       1	    2048	       1	0.042008	0.043720	0.050632	     nan
	       2	    2048	       1	0.041945	0.041836	0.048869	     nan
	       4	    2048	       1	0.041132	0.041387	0.048422	     nan
	       8	    2048	       1	0.041111	0.041196	0.049279	     nan
	      16	    2048	       1	0.040947	0.041607	0.048399	     nan
	      24	    2048	       1	0.040396	0.041034	0.048451	     nan
	      32	    2048	       1	0.040420	0.041360	0.048835	     nan
	      40	    2048	       1	0.040952	0.041622	0.048300	     nan
	      48	    2048	       1	0.040719	0.041878	0.047852	     nan
	      56	    2048	       1	0.040589	0.041179	0.048492	     nan
	      64	    2048	       1	0.040334	0.041898	0.049184	     nan
	      72	    2048	       1	0.040176	0.041899	0.052224	     nan
	      80	    2048	       1	0.040621	0.041096	0.048114	     nan
	      88	    2048	       1	0.040114	0.041679	0.048535	     nan
	      96	    2048	       1	0.040213	0.041143	0.047861	     nan
	     104	    2048	       1	0.040261	0.041146	0.048262	     nan
	     112	    2048	       1	0.039904	0.042001	0.048335	     nan
	     120	    2048	       1	0.040068	0.041210	0.048555	     nan
	     128	    2048	       1	0.040058	0.041054	0.047871	     nan
	     136	    2048	       1	0.040267	0.041862	0.048310	     nan
	     144	    2048	       1	0.040434	0.041347	0.048880	     nan
	     152	    2048	       1	0.040146	0.042039	0.048233	     nan
	     160	    2048	       1	0.040624	0.041061	0.048244	     nan
	     168	    2048	       1	0.040714	0.041156	0.048221	     nan
	     176	    2048	       1	0.040690	0.041322	0.048373	     nan
	     184	    2048	       1	0.040483	0.041553	0.048127	     nan
	     192	    2048	       1	0.040797	0.041412	0.048308	     nan
	     200	    2048	       1	0.040870	0.041333	0.048145	     nan
	     208	    2048	       1	0.040438	0.040858	0.048109	     nan
	     216	    2048	       1	0.040437	0.040949	0.048097	     nan
	     224	    2048	       1	0.040797	0.041116	0.048300	     nan
	     232	    2048	       1	0.040726	0.041081	0.048507	     nan
	     240	    2048	       1	0.040409	0.040912	0.048410	     nan
	     248	    2048	       1	0.040903	0.040906	0.048166	     nan
	     256	    2048	       1	0.040191	0.041174	0.048783	     nan
	     272	    2048	       1	0.040448	0.041414	0.048256	     nan
	     288	    2048	       1	0.040332	0.041389	0.048428	     nan
	     304	    2048	       1	0.040583	0.041537	0.048990	     nan
	     320	    2048	       1	0.040863	0.041275	0.049067	     nan
	     336	    2048	       1	0.040486	0.041272	0.049552	     nan
	     352	    2048	       1	0.040868	0.041551	0.048886	     nan
	     368	    2048	       1	0.040631	0.041053	0.048451	     nan
	     384	    2048	       1	0.040684	0.041277	0.049305	     nan
	     400	    2048	       1	0.040342	0.040981	0.048118	     nan
	     416	    2048	       1	0.040431	0.040737	0.048033	     nan
	     432	    2048	       1	0.040551	0.041295	0.049183	     nan
	     448	    2048	       1	0.040573	0.040940	0.048562	     nan
	     464	    2048	       1	0.040310	0.041216	0.052430	     nan
	     480	    2048	       1	0.040696	0.041538	0.048478	     nan
	     496	    2048	       1	0.040850	0.041638	0.048969	     nan
	     512	    2048	       1	0.040781	0.041551	0.049002	     nan
	     768	    2048	       1	0.040864	0.041017	0.048572	     nan
	    1024	    2048	       1	0.040564	0.040630	0.048355	     nan
	    1536	    2048	       1	0.041442	0.041067	0.051111	     nan
	    2048	    2048	       1	0.040989	0.041746	0.048501	     nan
	    3072	    2048	       1	0.040940	0.041138	0.048961	     nan
	    4096	    2048	       1	0.041227	0.040807	0.048478	     nan
	    7168	    2048	       1	0.041347	0.041823	0.048969	     nan
	    8192	    2048	       1	0.040718	0.041299	0.048757	     nan
	   11264	    2048	       1	0.045660	0.042789	0.050193	     nan
	   12280	    2048	       1	0.050457	0.048381	0.055792	     nan
	   15360	    2048	       1	0.058896	0.056120	0.062686	     nan
	   16384	    2048	       1	0.061179	0.058144	0.069177	     nan
	       1	    2048	      16	0.041279	0.042303	0.049021	0.088947
	       2	    2048	      16	0.040958	0.040985	0.048733	0.088097
	       4	    2048	      16	0.041740	0.041161	0.048743	0.087899
	       8	    2048	      16	0.040814	0.041613	0.048840	0.087874
	      16	    2048	      16	0.040826	0.041107	0.049270	0.088117
	      24	    2048	      16	0.040772	0.041489	0.048394	0.087900
	      32	    2048	      16	0.040715	0.041677	0.048695	0.087416
	      40	    2048	      16	0.041191	0.041408	0.048730	0.086889
	      48	    2048	      16	0.041211	0.041950	0.049096	0.087139
	      56	    2048	      16	0.040756	0.041609	0.048753	0.087223
	      64	    2048	      16	0.040954	0.041434	0.049219	0.087596
	      72	    2048	      16	0.040348	0.041743	0.048715	0.087141
	      80	    2048	      16	0.040377	0.042246	0.048817	0.087394
	      88	    2048	      16	0.040956	0.041431	0.048909	0.086987
	      96	    2048	      16	0.040331	0.041471	0.048325	0.087896
	     104	    2048	      16	0.040053	0.042175	0.048419	0.087453
	     112	    2048	      16	0.040481	0.042395	0.048505	0.086973
	     120	    2048	      16	0.040528	0.041507	0.048629	0.087078
	     128	    2048	      16	0.040149	0.041727	0.048770	0.087218
	     136	    2048	      16	0.040095	0.041914	0.048295	0.087101
	     144	    2048	      16	0.040824	0.041934	0.048119	0.087044
	     152	    2048	      16	0.040235	0.041517	0.049325	0.086803
	     160	    2048	      16	0.040704	0.041991	0.048809	0.087485
	     168	    2048	      16	0.040647	0.041354	0.048968	0.087401
	     176	    2048	      16	0.040812	0.041186	0.049018	0.087244
	     184	    2048	      16	0.040906	0.041761	0.049197	0.087429
	     192	    2048	      16	0.041681	0.041496	0.049109	0.087794
	     200	    2048	      16	0.041429	0.040956	0.048419	0.087014
	     208	    2048	      16	0.041853	0.041748	0.048985	0.087709
	     216	    2048	      16	0.041627	0.041813	0.048689	0.087916
	     224	    2048	      16	0.040568	0.042012	0.048746	0.087283
	     232	    2048	      16	0.040552	0.041814	0.048484	0.087552
	     240	    2048	      16	0.040991	0.041264	0.048309	0.087257
	     248	    2048	      16	0.040761	0.041908	0.048218	0.088222
	     256	    2048	      16	0.040778	0.041429	0.048803	0.087529
	     272	    2048	      16	0.040769	0.041549	0.048732	0.087871
	     288	    2048	      16	0.040895	0.041605	0.049126	0.087429
	     304	    2048	      16	0.040614	0.041837	0.048871	0.087259
	     320	    2048	      16	0.040248	0.041732	0.049005	0.087967
	     336	    2048	      16	0.040195	0.041574	0.048435	0.087816
	     352	    2048	      16	0.040797	0.041339	0.048725	0.087808
	     368	    2048	      16	0.041074	0.041206	0.048114	0.087671
	     384	    2048	      16	0.040755	0.041591	0.048870	0.087228
	     400	    2048	      16	0.041028	0.040445	0.048597	0.087758
	     416	    2048	      16	0.040692	0.040739	0.049174	0.087155
	     432	    2048	      16	0.041629	0.041822	0.048497	0.087462
	     448	    2048	      16	0.041196	0.041324	0.048376	0.087472
	     464	    2048	      16	0.040519	0.041670	0.049082	0.087097
	     480	    2048	      16	0.040292	0.041886	0.048414	0.087452
	     496	    2048	      16	0.040748	0.042064	0.049066	0.087659
	     512	    2048	      16	0.040646	0.041951	0.049602	0.087016
	     768	    2048	      16	0.040716	0.041630	0.048513	0.086766
	    1024	    2048	      16	0.040934	0.041471	0.048581	0.087351
	    1536	    2048	      16	0.040240	0.041616	0.048450	0.087310
	    2048	    2048	      16	0.041220	0.041486	0.048272	0.086516
	    3072	    2048	      16	0.040875	0.041757	0.048503	0.086555
	    4096	    2048	      16	0.040924	0.042056	0.048542	0.087557
	    7168	    2048	      16	0.040981	0.041576	0.048380	0.087372
	    8192	    2048	      16	0.040699	0.041904	0.048736	0.087190
	   11264	    2048	      16	0.040689	0.041565	0.048202	0.087687
	   12280	    2048	      16	0.041392	0.042212	0.048809	0.087454
	   15360	    2048	      16	0.041438	0.041744	0.048941	0.087194
	   16384	    2048	      16	0.045304	0.041931	0.048343	0.087367
	       1	    2048	     512	0.040912	0.041754	0.048333	0.086434
	       2	    2048	     512	0.041811	0.041467	0.048781	0.086880
	       4	    2048	     512	0.041345	0.041262	0.048306	0.086804
	       8	    2048	     512	0.040844	0.041971	0.048418	0.087216
	      16	    2048	     512	0.041283	0.041972	0.048408	0.086477
	      24	    2048	     512	0.041384	0.041474	0.048329	0.086826
	      32	    2048	     512	0.040843	0.041227	0.048335	0.086503
	      40	    2048	     512	0.041194	0.041455	0.048202	0.086852
	      48	    2048	     512	0.041194	0.041273	0.048387	0.086461
	      56	    2048	     512	0.041077	0.041377	0.048333	0.086775
	      64	    2048	     512	0.041433	0.041724	0.048556	0.086543
	      72	    2048	     512	0.041431	0.041482	0.048659	0.086899
	      80	    2048	     512	0.041026	0.041070	0.048499	0.087143
	      88	    2048	     512	0.041202	0.040880	0.048757	0.087684
	      96	    2048	     512	0.041193	0.041634	0.048912	0.086649
	     104	    2048	     512	0.041354	0.041421	0.048332	0.086852
	     112	    2048	     512	0.041037	0.041734	0.048576	0.087171
	     120	    2048	     512	0.041020	0.042021	0.048429	0.087106
	     128	    2048	     512	0.040888	0.041784	0.048396	0.086860
	     136	    2048	     512	0.041132	0.041146	0.049382	0.087153
	     144	    2048	     512	0.041040	0.041934	0.048193	0.087011
	     152	    2048	     512	0.041001	0.041793	0.048389	0.086915
	     160	    2048	     512	0.041363	0.042068	0.048478	0.087045
	     168	    2048	     512	0.041346	0.041484	0.048642	0.086846
	     176	    2048	     512	0.041116	0.041810	0.048507	0.087041
	     184	    2048	     512	0.041021	0.041324	0.048749	0.087236
	     192	    2048	     512	0.041497	0.041736	0.048438	0.087304
	     200	    2048	     512	0.040753	0.042290	0.048204	0.087364
	     208	    2048	     512	0.040479	0.042322	0.048460	0.087393
	     216	    2048	     512	0.040946	0.041748	0.048832	0.086926
	     224	    2048	     512	0.041177	0.041582	0.048048	0.088229
	     232	    2048	     512	0.041176	0.041592	0.048390	0.087824
	     240	    2048	     512	0.040686	0.041531	0.048604	0.087360
	     248	    2048	     512	0.040862	0.041538	0.048246	0.087150
	     256	    2048	     512	0.040552	0.041590	0.048668	0.087197
	     272	    2048	     512	0.040823	0.041556	0.048878	0.086887
	     288	    2048	     512	0.040808	0.041730	0.048264	0.086597
	     304	    2048	     512	0.040789	0.041752	0.048828	0.087654
	     320	    2048	     512	0.041165	0.042205	0.048723	0.087393
	     336	    2048	     512	0.040931	0.041672	0.048778	0.087283
	     352	    2048	     512	0.041092	0.041466	0.048465	0.087292
	     368	    2048	     512	0.040838	0.041513	0.048801	0.087268
	     384	    2048	     512	0.041085	0.041854	0.048551	0.087145
	     400	    2048	     512	0.040874	0.041434	0.048619	0.087458
	     416	    2048	     512	0.040785	0.041564	0.048759	0.086947
	     432	    2048	     512	0.041369	0.041233	0.048322	0.087174
	     448	    2048	     512	0.040934	0.041394	0.048371	0.086942
	     464	    2048	     512	0.041156	0.041446	0.048807	0.087616
	     480	    2048	     512	0.040441	0.041667	0.048381	0.087717
	     496	    2048	     512	0.040723	0.041354	0.048406	0.087052
	     512	    2048	     512	0.040624	0.040674	0.048340	0.086619
	     768	    2048	     512	0.041068	0.041571	0.048284	0.087099
	    1024	    2048	     512	0.040719	0.040764	0.048067	0.086883
	    1536	    2048	     512	0.040572	0.041917	0.048436	0.086975
	    2048	    2048	     512	0.040814	0.041542	0.049151	0.087458
	    3072	    2048	     512	0.041553	0.041465	0.049451	0.087410
	    4096	    2048	     512	0.040572	0.041053	0.049091	0.087332
	    7168	    2048	     512	0.040809	0.042024	0.051308	0.087944
	    8192	    2048	     512	0.041726	0.041436	0.048487	0.087443
	   11264	    2048	     512	0.060610	0.058829	0.053753	0.087824
	   12280	    2048	     512	0.062630	0.062748	0.054812	0.088143
	   15360	    2048	     512	0.076163	0.061394	0.056776	0.087665
	   16384	    2048	     512	0.076112	0.063220	0.060752	0.088645
	       1	    2048	    2560	0.040425	0.041737	0.048397	0.087214
	       2	    2048	    2560	0.040825	0.041506	0.048393	0.087920
	       4	    2048	    2560	0.040690	0.041314	0.048846	0.094030
	       8	    2048	    2560	0.041664	0.041665	0.048811	0.087545
	      16	    2048	    2560	0.040458	0.041167	0.048474	0.087929
	      24	    2048	    2560	0.040731	0.041644	0.048333	0.087622
	      32	    2048	    2560	0.040851	0.041292	0.047934	0.087638
	      40	    2048	    2560	0.039973	0.041286	0.048278	0.087900
	      48	    2048	    2560	0.040771	0.041215	0.048148	0.087628
	      56	    2048	    2560	0.040584	0.041090	0.048439	0.086682
	      64	    2048	    2560	0.040884	0.041161	0.048134	0.087095
	      72	    2048	    2560	0.041037	0.041531	0.048603	0.086921
	      80	    2048	    2560	0.041189	0.041138	0.047985	0.086979
	      88	    2048	    2560	0.040478	0.041374	0.048261	0.087014
	      96	    2048	    2560	0.041040	0.041373	0.048066	0.086976
	     104	    2048	    2560	0.041171	0.040951	0.048669	0.087272
	     112	    2048	    2560	0.040624	0.040961	0.048420	0.087190
	     120	    2048	    2560	0.040878	0.041140	0.049333	0.086722
	     128	    2048	    2560	0.041452	0.041385	0.049327	0.087655
	     136	    2048	    2560	0.041067	0.041627	0.048965	0.087561
	     144	    2048	    2560	0.041021	0.041626	0.048424	0.086828
	     152	    2048	    2560	0.040943	0.041141	0.048534	0.087152
	     160	    2048	    2560	0.041152	0.040940	0.048451	0.086932
	     168	    2048	    2560	0.040888	0.040580	0.048515	0.086890
	     176	    2048	    2560	0.040954	0.041249	0.048553	0.086500
	     184	    2048	    2560	0.040684	0.041193	0.048420	0.086730
	     192	    2048	    2560	0.040959	0.041030	0.048730	0.086335
	     200	    2048	    2560	0.041085	0.041844	0.048070	0.087922
	     208	    2048	    2560	0.040992	0.041433	0.049310	0.087584
	     216	    2048	    2560	0.040273	0.041448	0.048703	0.086858
	     224	    2048	    2560	0.040933	0.041442	0.049208	0.087315
	     232	    2048	    2560	0.040741	0.041607	0.048275	0.087484
	     240	    2048	    2560	0.040730	0.041187	0.048954	0.087335
	     248	    2048	    2560	0.040959	0.041303	0.048686	0.088534
	     256	    2048	    2560	0.041387	0.041862	0.048980	0.087548
	     272	    2048	    2560	0.040205	0.040900	0.048703	0.088001
	     288	    2048	    2560	0.041739	0.041500	0.048718	0.088624
	     304	    2048	    2560	0.040570	0.041343	0.049033	0.088680
	     320	    2048	    2560	0.040776	0.041463	0.048666	0.087508
	     336	    2048	    2560	0.040873	0.041023	0.048770	0.088187
	     352	    2048	    2560	0.040044	0.040880	0.048611	0.088177
	     368	    2048	    2560	0.040781	0.041564	0.048304	0.087978
	     384	    2048	    2560	0.039993	0.040923	0.048493	0.087979
	     400	    2048	    2560	0.040622	0.040536	0.049040	0.088472
	     416	    2048	    2560	0.040792	0.040823	0.048762	0.087790
	     432	    2048	    2560	0.040890	0.041649	0.052312	0.087535
	     448	    2048	    2560	0.040402	0.041360	0.048695	0.088607
	     464	    2048	    2560	0.040537	0.041200	0.049036	0.088088
	     480	    2048	    2560	0.040651	0.041671	0.049050	0.088567
	     496	    2048	    2560	0.041139	0.041994	0.048661	0.088510
	     512	    2048	    2560	0.041072	0.041227	0.049189	0.088892
	     768	    2048	    2560	0.040349	0.039467	0.048580	0.088275
	    1024	    2048	    2560	0.040880	0.041643	0.048529	0.088721
	    1536	    2048	    2560	0.040429	0.041183	0.048883	0.088553
	    2048	    2048	    2560	0.057872	0.048343	0.053834	0.088741
	    3072	    2048	    2560	0.072965	0.058882	0.055181	0.088368
	    4096	    2048	    2560	0.111334	0.084319	0.080788	0.088562
	    7168	    2048	    2560	0.187787	0.153728	0.140884	0.120354
	    8192	    2048	    2560	0.187667	0.167202	0.149095	0.155096
	   11264	    2048	    2560	0.257189	0.238581	0.212648	0.188129
	   12280	    2048	    2560	0.287426	0.231700	0.211939	0.201023
	   15360	    2048	    2560	0.359008	0.330475	0.302189	0.278175
	   16384	    2048	    2560	0.386434	0.339980	0.301071	0.283771
	       1	    2048	    3072	0.040694	0.041504	0.048952	0.087580
	       2	    2048	    3072	0.040542	0.040904	0.048653	0.088642
	       4	    2048	    3072	0.039888	0.041068	0.048755	0.088502
	       8	    2048	    3072	0.040618	0.041132	0.048622	0.088227
	      16	    2048	    3072	0.040828	0.040885	0.048521	0.087157
	      24	    2048	    3072	0.040951	0.041027	0.048293	0.087724
	      32	    2048	    3072	0.040365	0.041232	0.048959	0.086918
	      40	    2048	    3072	0.040167	0.041715	0.048292	0.086772
	      48	    2048	    3072	0.040914	0.041319	0.048181	0.087742
	      56	    2048	    3072	0.041164	0.041635	0.048607	0.087383
	      64	    2048	    3072	0.040707	0.041093	0.048232	0.087486
	      72	    2048	    3072	0.040995	0.041831	0.048460	0.087607
	      80	    2048	    3072	0.040864	0.040689	0.048619	0.087245
	      88	    2048	    3072	0.040787	0.041895	0.048636	0.087198
	      96	    2048	    3072	0.040746	0.041709	0.048568	0.087767
	     104	    2048	    3072	0.041078	0.041235	0.048516	0.086959
	     112	    2048	    3072	0.040433	0.041655	0.047950	0.086592
	     120	    2048	    3072	0.040793	0.041783	0.048905	0.087046
	     128	    2048	    3072	0.041368	0.041293	0.048409	0.088233
	     136	    2048	    3072	0.041104	0.041980	0.048953	0.088223
	     144	    2048	    3072	0.044770	0.042040	0.048338	0.087317
	     152	    2048	    3072	0.041337	0.041749	0.048757	0.087274
	     160	    2048	    3072	0.040937	0.041623	0.048740	0.087871
	     168	    2048	    3072	0.041137	0.041574	0.048719	0.088027
	     176	    2048	    3072	0.041238	0.041537	0.048917	0.088007
	     184	    2048	    3072	0.041287	0.041440	0.048695	0.087920
	     192	    2048	    3072	0.041081	0.041975	0.048654	0.087418
	     200	    2048	    3072	0.041083	0.041310	0.048918	0.087993
	     208	    2048	    3072	0.040990	0.042104	0.048702	0.087694
	     216	    2048	    3072	0.041004	0.041503	0.048077	0.088140
	     224	    2048	    3072	0.041246	0.041489	0.048797	0.088014
	     232	    2048	    3072	0.041245	0.042033	0.048386	0.087473
	     240	    2048	    3072	0.041214	0.041283	0.048698	0.087685
	     248	    2048	    3072	0.041360	0.041761	0.048698	0.087754
	     256	    2048	    3072	0.041762	0.041349	0.049088	0.087177
	     272	    2048	    3072	0.041614	0.041737	0.049072	0.087728
	     288	    2048	    3072	0.041177	0.041406	0.048110	0.087230
	     304	    2048	    3072	0.041188	0.041048	0.048528	0.087911
	     320	    2048	    3072	0.041279	0.041591	0.048800	0.087623
	     336	    2048	    3072	0.041443	0.041119	0.048558	0.087354
	     352	    2048	    3072	0.041541	0.041487	0.048311	0.087731
	     368	    2048	    3072	0.041404	0.041683	0.048384	0.087139
	     384	    2048	    3072	0.041403	0.041410	0.048703	0.087535
	     400	    2048	    3072	0.041527	0.041223	0.048926	0.087200
	     416	    2048	    3072	0.041341	0.041495	0.048961	0.087285
	     432	    2048	    3072	0.041090	0.041635	0.049339	0.087274
	     448	    2048	    3072	0.040823	0.041281	0.049193	0.087080
	     464	    2048	    3072	0.041224	0.040200	0.048771	0.087665
	     480	    2048	    3072	0.041356	0.041243	0.049093	0.087528
	     496	    2048	    3072	0.041633	0.041725	0.049076	0.087751
	     512	    2048	    3072	0.041380	0.041901	0.048826	0.087261
	     768	    2048	    3072	0.041350	0.041573	0.048785	0.087705
	    1024	    2048	    3072	0.041457	0.041777	0.048642	0.087840
	    1536	    2048	    3072	0.051983	0.048407	0.051844	0.087757
	    2048	    2048	    3072	0.067390	0.051017	0.059050	0.087479
	    3072	    2048	    3072	0.103346	0.082687	0.082403	0.088753
	    4096	    2048	    3072	0.110854	0.092224	0.085676	0.088109
	    7168	    2048	    3072	0.221252	0.201472	0.178093	0.154766
	    8192	    2048	    3072	0.233210	0.193249	0.181779	0.172236
	   11264	    2048	    3072	0.320581	0.267798	0.242917	0.226085
	   12280	    2048	    3072	0.326239	0.264742	0.242427	0.241835
	   15360	    2048	    3072	0.404023	0.334473	0.327477	0.312509
	   16384	    2048	    3072	0.452731	0.413233	0.365215	0.338973
	       1	    2048	   37984	0.065779	0.069099	0.062894	0.087498
	       2	    2048	   37984	0.061128	0.060035	0.062592	0.088186
	       4	    2048	   37984	0.059325	0.059023	0.062882	0.088957
	       8	    2048	   37984	0.059725	0.059101	0.063455	0.092215
	      16	    2048	   37984	0.059842	0.059785	0.062691	0.088528
	      24	    2048	   37984	0.061300	0.060467	0.063870	0.122693
	      32	    2048	   37984	0.061051	0.061323	0.060553	0.094303
	      40	    2048	   37984	0.061266	0.060811	0.063196	0.088588
	      48	    2048	   37984	0.061656	0.061729	0.062835	0.095390
	      56	    2048	   37984	0.062112	0.061891	0.063027	0.089337
	      64	    2048	   37984	0.062791	0.062547	0.063593	0.088474
	      72	    2048	   37984	0.070731	0.069941	0.073771	0.089050
	      80	    2048	   37984	0.070992	0.069792	0.073620	0.089268
	      88	    2048	   37984	0.071502	0.070074	0.074218	0.088845
	      96	    2048	   37984	0.073016	0.070577	0.074349	0.088953
	     104	    2048	   37984	0.075014	0.070797	0.077965	0.089234
	     112	    2048	   37984	0.075159	0.071049	0.072438	0.089015
	     120	    2048	   37984	0.074537	0.071567	0.071680	0.088967
	     128	    2048	   37984	0.074412	0.072068	0.072014	0.089157
	     136	    2048	   37984	0.100098	0.096984	0.098931	0.102495
	     144	    2048	   37984	0.099808	0.096842	0.097412	0.099103
	     152	    2048	   37984	0.100560	0.097247	0.095990	0.095939
	     160	    2048	   37984	0.103047	0.097830	0.096949	0.094118
	     168	    2048	   37984	0.103632	0.092526	0.094076	0.088910
	     176	    2048	   37984	0.103247	0.092267	0.092714	0.088219
	     184	    2048	   37984	0.104913	0.093723	0.098513	0.087954
	     192	    2048	   37984	0.104926	0.095980	0.096675	0.088468
	     200	    2048	   37984	0.114774	0.096456	0.094971	0.097277
	     208	    2048	   37984	0.116239	0.093747	0.093313	0.093715
	     216	    2048	   37984	0.118670	0.093998	0.096464	0.093439
	     224	    2048	   37984	0.118754	0.096769	0.096571	0.092991
	     232	    2048	   37984	0.120133	0.096650	0.095850	0.088862
	     240	    2048	   37984	0.119612	0.094602	0.093465	0.089576
	     248	    2048	   37984	0.119602	0.097990	0.097523	0.091056
	     256	    2048	   37984	0.118558	0.098156	0.098070	0.091383
	     272	    2048	   37984	0.148616	0.127633	0.132196	0.148305
	     288	    2048	   37984	0.146899	0.124062	0.125946	0.142588
	     304	    2048	   37984	0.147320	0.126575	0.125857	0.130199
	     320	    2048	   37984	0.147276	0.128782	0.129143	0.128265
	     336	    2048	   37984	0.157764	0.133282	0.130444	0.130468
	     352	    2048	   37984	0.157864	0.134739	0.128721	0.127408
	     368	    2048	   37984	0.158259	0.135048	0.126812	0.119250
	     384	    2048	   37984	0.158261	0.131123	0.125319	0.117854
	     400	    2048	   37984	0.196521	0.168478	0.163106	0.167519
	     416	    2048	   37984	0.196774	0.162441	0.160310	0.163929
	     432	    2048	   37984	0.196743	0.161459	0.158535	0.160224
	     448	    2048	   37984	0.197085	0.164048	0.159575	0.159047
	     464	    2048	   37984	0.196546	0.167316	0.155963	0.150105
	     480	    2048	   37984	0.199224	0.174928	0.157325	0.146940
	     496	    2048	   37984	0.199542	0.176518	0.158700	0.142973
	     512	    2048	   37984	0.199576	0.186486	0.170729	0.150552
	     768	    2048	   37984	0.278421	0.306542	0.265223	0.239925
	    1024	    2048	   37984	0.386260	0.389445	0.327889	0.284195
	    1536	    2048	   37984	0.579723	0.492011	0.434656	0.400782
	    2048	    2048	   37984	0.718759	0.558678	0.521675	0.509283
	    3072	    2048	   37984	1.067019	0.943072	0.855839	0.783455
	    4096	    2048	   37984	1.414256	1.289496	1.139913	1.030713
	    7168	    2048	   37984	2.441713	2.248628	1.885474	1.777808
	    8192	    2048	   37984	2.779865	2.447804	2.204214	1.999706
	   11264	    2048	   37984	3.916860	3.396690	3.021479	2.751708
	   12280	    2048	   37984	3.943920	3.344345	3.284645	2.897024
	   15360	    2048	   37984	5.270243	4.739682	4.235903	3.954709
	   16384	    2048	   37984	5.566994	5.356948	4.293839	4.003882
	     384	     384	     384	0.041672	0.041570	0.048674	0.088946
	    4096	    4096	    4096	0.277436	0.220989	0.199469	0.212103
	    1024	    1024	    1024	0.040674	0.042106	0.049441	0.088465
	    2048	    2048	    2048	0.041682	0.042272	0.049356	0.089197
	    4096	    4096	    4096	0.267760	0.221195	0.201322	0.208864
