#	       M	       K	       N	     v33	  no_tma	 dev_tma	host_tma
	       1	       4	    2048	0.007105	0.006663	0.009297	     nan
	       2	       4	    2048	0.007287	0.007202	0.009535	     nan
	       4	       4	    2048	0.007247	0.007056	0.009530	     nan
	       8	       4	    2048	0.007146	0.007061	0.009509	     nan
	      16	       4	    2048	0.007317	0.007383	0.009430	     nan
	      24	       4	    2048	0.007520	0.007136	0.009448	     nan
	      32	       4	    2048	0.007352	0.007145	0.009609	     nan
	      40	       4	    2048	0.007290	0.007269	0.009632	     nan
	      48	       4	    2048	0.007312	0.007441	0.009495	     nan
	      56	       4	    2048	0.007325	0.007315	0.009523	     nan
	      64	       4	    2048	0.007351	0.007482	0.009638	     nan
	      72	       4	    2048	0.007586	0.007133	0.009689	     nan
	      80	       4	    2048	0.007553	0.007294	0.009677	     nan
	      88	       4	    2048	0.007387	0.007302	0.009746	     nan
	      96	       4	    2048	0.007354	0.007134	0.009727	     nan
	     104	       4	    2048	0.007584	0.007343	0.009736	     nan
	     112	       4	    2048	0.007547	0.007164	0.009563	     nan
	     120	       4	    2048	0.007557	0.007197	0.009613	     nan
	     128	       4	    2048	0.007532	0.007376	0.009608	     nan
	     136	       4	    2048	0.007579	0.007247	0.009768	     nan
	     144	       4	    2048	0.007363	0.007251	0.009806	     nan
	     152	       4	    2048	0.007531	0.007276	0.009763	     nan
	     160	       4	    2048	0.007558	0.007268	0.009764	     nan
	     168	       4	    2048	0.007572	0.007465	0.009572	     nan
	     176	       4	    2048	0.007360	0.007421	0.009780	     nan
	     184	       4	    2048	0.007345	0.007260	0.009592	     nan
	     192	       4	    2048	0.007342	0.007437	0.009600	     nan
	     200	       4	    2048	0.007370	0.007280	0.009799	     nan
	     208	       4	    2048	0.007369	0.007470	0.009876	     nan
	     216	       4	    2048	0.007362	0.008450	0.009883	     nan
	     224	       4	    2048	0.007353	0.007472	0.009877	     nan
	     232	       4	    2048	0.007355	0.007454	0.009689	     nan
	     240	       4	    2048	0.007559	0.007471	0.009713	     nan
	     248	       4	    2048	0.007356	0.007466	0.009744	     nan
	     256	       4	    2048	0.007540	0.007297	0.009930	     nan
	     272	       4	    2048	0.007598	0.007414	0.010052	     nan
	     288	       4	    2048	0.007699	0.007422	0.010076	     nan
	     304	       4	    2048	0.007575	0.007516	0.009896	     nan
	     320	       4	    2048	0.007600	0.007528	0.010140	     nan
	     336	       4	    2048	0.007585	0.007437	0.010266	     nan
	     352	       4	    2048	0.007805	0.007598	0.010349	     nan
	     368	       4	    2048	0.007696	0.007532	0.010473	     nan
	     384	       4	    2048	0.007737	0.007725	0.010231	     nan
	     400	       4	    2048	0.007721	0.007754	0.010294	     nan
	     416	       4	    2048	0.007555	0.007583	0.010643	     nan
	     432	       4	    2048	0.007816	0.007455	0.010314	     nan
	     448	       4	    2048	0.007636	0.007654	0.010571	     nan
	     464	       4	    2048	0.007779	0.007504	0.010703	     nan
	     480	       4	    2048	0.007816	0.007694	0.010601	     nan
	     496	       4	    2048	0.007620	0.007688	0.010881	     nan
	     512	       4	    2048	0.007815	0.007703	0.010910	     nan
	     768	       4	    2048	0.008414	0.008283	0.012115	     nan
	    1024	       4	    2048	0.008645	0.008683	0.012862	     nan
	    1536	       4	    2048	0.011302	0.010951	0.013343	     nan
	    2048	       4	    2048	0.011936	0.011923	0.014214	     nan
	    3072	       4	    2048	0.014968	0.014375	0.020771	     nan
	    4096	       4	    2048	0.017454	0.017619	0.022763	     nan
	    7168	       4	    2048	0.025605	0.025248	0.034726	     nan
	    8192	       4	    2048	0.028479	0.027606	0.037158	     nan
	   11264	       4	    2048	0.036295	0.035369	0.048761	     nan
	   12288	       4	    2048	0.038831	0.037690	0.050570	     nan
	   15360	       4	    2048	0.047083	0.045489	0.061365	     nan
	   16384	       4	    2048	0.049509	0.047990	0.066893	     nan
	       1	     128	    2048	0.007738	0.007587	0.009908	0.034029
	       2	     128	    2048	0.008337	0.007931	0.009867	0.032575
	       4	     128	    2048	0.007987	0.007913	0.009957	0.031810
	       8	     128	    2048	0.008320	0.008081	0.009958	0.031497
	      16	     128	    2048	0.008149	0.008112	0.009991	0.032731
	      24	     128	    2048	0.008066	0.007908	0.009807	0.032112
	      32	     128	    2048	0.008245	0.008004	0.009961	0.032523
	      40	     128	    2048	0.008386	0.008114	0.009738	0.032728
	      48	     128	    2048	0.008533	0.008273	0.009959	0.032651
	      56	     128	    2048	0.008418	0.008154	0.010017	0.031050
	      64	     128	    2048	0.008626	0.008403	0.009963	0.031936
	      72	     128	    2048	0.008111	0.008195	0.010121	0.031919
	      80	     128	    2048	0.008281	0.008245	0.009955	0.031298
	      88	     128	    2048	0.008116	0.008369	0.010111	0.031820
	      96	     128	    2048	0.008120	0.008247	0.009964	0.031036
	     104	     128	    2048	0.008555	0.008439	0.010099	0.031573
	     112	     128	    2048	0.008371	0.008249	0.010020	0.033223
	     120	     128	    2048	0.008561	0.008450	0.010089	0.031807
	     128	     128	    2048	0.008546	0.008446	0.010155	0.032314
	     136	     128	    2048	0.008368	0.008445	0.010060	0.031226
	     144	     128	    2048	0.008406	0.008470	0.009876	0.032055
	     152	     128	    2048	0.008486	0.008427	0.009903	0.032261
	     160	     128	    2048	0.008232	0.008446	0.009847	0.031313
	     168	     128	    2048	0.008577	0.008476	0.010067	0.032254
	     176	     128	    2048	0.008238	0.008452	0.010081	0.031859
	     184	     128	    2048	0.008623	0.008265	0.010062	0.032026
	     192	     128	    2048	0.008338	0.008295	0.010118	0.032199
	     200	     128	    2048	0.008814	0.008321	0.009905	0.032151
	     208	     128	    2048	0.008610	0.008509	0.009921	0.032320
	     216	     128	    2048	0.008673	0.008314	0.010090	0.032584
	     224	     128	    2048	0.008429	0.008471	0.010090	0.031498
	     232	     128	    2048	0.008835	0.008314	0.010073	0.032386
	     240	     128	    2048	0.008743	0.008319	0.010078	0.031363
	     248	     128	    2048	0.009046	0.008488	0.010097	0.032861
	     256	     128	    2048	0.008681	0.008514	0.010140	0.032098
	     272	     128	    2048	0.008542	0.008724	0.009904	0.032945
	     288	     128	    2048	0.008604	0.008728	0.010074	0.033243
	     304	     128	    2048	0.008773	0.008631	0.009907	0.031983
	     320	     128	    2048	0.008599	0.008809	0.010126	0.030846
	     336	     128	    2048	0.008776	0.008915	0.009902	0.031553
	     352	     128	    2048	0.008595	0.008777	0.009929	0.030120
	     368	     128	    2048	0.008607	0.008735	0.009940	0.032733
	     384	     128	    2048	0.008626	0.008741	0.009930	0.032433
	     400	     128	    2048	0.008856	0.008882	0.010100	0.032277
	     416	     128	    2048	0.008843	0.008881	0.010129	0.031675
	     432	     128	    2048	0.008857	0.008686	0.009941	0.032269
	     448	     128	    2048	0.008853	0.008869	0.010130	0.031617
	     464	     128	    2048	0.008996	0.008898	0.009987	0.031440
	     480	     128	    2048	0.008791	0.008979	0.010005	0.031548
	     496	     128	    2048	0.008970	0.009295	0.010222	0.031835
	     512	     128	    2048	0.008757	0.009114	0.010229	0.031739
	     768	     128	    2048	0.009614	0.009677	0.011008	0.033305
	    1024	     128	    2048	0.009878	0.009672	0.011256	0.031500
	    1536	     128	    2048	0.011135	0.010700	0.012685	0.032856
	    2048	     128	    2048	0.011583	0.011672	0.013279	0.032286
	    3072	     128	    2048	0.016416	0.015013	0.018935	0.031925
	    4096	     128	    2048	0.017667	0.017019	0.020438	0.031738
	    7168	     128	    2048	0.026605	0.025301	0.033203	0.033807
	    8192	     128	    2048	0.028239	0.027478	0.034069	0.034164
	   11264	     128	    2048	0.036864	0.035527	0.046972	0.059696
	   12280	     128	    2048	0.039128	0.037897	0.047937	0.036786
	   15360	     128	    2048	0.047791	0.046028	0.061087	0.037318
	   16384	     128	    2048	0.050399	0.048701	0.062156	0.038322
	       1	    1024	    2048	0.012350	0.012116	0.012560	0.031787
	       2	    1024	    2048	0.011976	0.011828	0.012584	0.034021
	       4	    1024	    2048	0.012197	0.012288	0.012662	0.032860
	       8	    1024	    2048	0.012275	0.011829	0.012595	0.032647
	      16	    1024	    2048	0.011971	0.011954	0.012482	0.032071
	      24	    1024	    2048	0.012227	0.012002	0.012427	0.032109
	      32	    1024	    2048	0.012132	0.011977	0.012663	0.031979
	      40	    1024	    2048	0.012071	0.012045	0.012468	0.032592
	      48	    1024	    2048	0.012196	0.012158	0.012677	0.032237
	      56	    1024	    2048	0.012260	0.011876	0.012786	0.031935
	      64	    1024	    2048	0.012007	0.012177	0.012804	0.031505
	      72	    1024	    2048	0.012745	0.012097	0.012761	0.032246
	      80	    1024	    2048	0.012571	0.011866	0.012948	0.032040
	      88	    1024	    2048	0.012867	0.011943	0.012961	0.032146
	      96	    1024	    2048	0.012710	0.011846	0.012815	0.032263
	     104	    1024	    2048	0.012887	0.012113	0.012985	0.031561
	     112	    1024	    2048	0.012743	0.012039	0.012986	0.032944
	     120	    1024	    2048	0.012809	0.011947	0.013011	0.032142
	     128	    1024	    2048	0.012821	0.011865	0.012890	0.032433
	     136	    1024	    2048	0.013137	0.012180	0.013231	0.032830
	     144	    1024	    2048	0.012929	0.011907	0.013213	0.032841
	     152	    1024	    2048	0.012968	0.012151	0.012974	0.032200
	     160	    1024	    2048	0.012933	0.011905	0.013209	0.032290
	     168	    1024	    2048	0.013200	0.012233	0.013001	0.032175
	     176	    1024	    2048	0.013074	0.012031	0.013213	0.032880
	     184	    1024	    2048	0.012996	0.012065	0.013054	0.032171
	     192	    1024	    2048	0.012934	0.012221	0.013052	0.031934
	     200	    1024	    2048	0.013201	0.012047	0.013290	0.032120
	     208	    1024	    2048	0.013188	0.011934	0.013073	0.030723
	     216	    1024	    2048	0.013070	0.012063	0.013214	0.032256
	     224	    1024	    2048	0.012974	0.012180	0.013147	0.031453
	     232	    1024	    2048	0.013431	0.012259	0.013097	0.031963
	     240	    1024	    2048	0.013229	0.011926	0.013218	0.032353
	     248	    1024	    2048	0.013386	0.012084	0.013243	0.032112
	     256	    1024	    2048	0.013001	0.012024	0.013339	0.031875
	     272	    1024	    2048	0.014573	0.013328	0.013616	0.031765
	     288	    1024	    2048	0.014400	0.013508	0.013587	0.031807
	     304	    1024	    2048	0.014469	0.013613	0.013769	0.032299
	     320	    1024	    2048	0.014392	0.013489	0.013922	0.031961
	     336	    1024	    2048	0.014561	0.013564	0.013688	0.032771
	     352	    1024	    2048	0.014535	0.013299	0.013958	0.031837
	     368	    1024	    2048	0.014743	0.013600	0.013887	0.031796
	     384	    1024	    2048	0.014526	0.013643	0.013736	0.031494
	     400	    1024	    2048	0.014895	0.013590	0.013950	0.032130
	     416	    1024	    2048	0.014854	0.013348	0.013884	0.032077
	     432	    1024	    2048	0.014696	0.013515	0.013784	0.031936
	     448	    1024	    2048	0.014891	0.013353	0.013865	0.032078
	     464	    1024	    2048	0.014959	0.013694	0.014006	0.031473
	     480	    1024	    2048	0.015247	0.013447	0.014147	0.033559
	     496	    1024	    2048	0.015077	0.014039	0.014025	0.032773
	     512	    1024	    2048	0.015162	0.013817	0.013913	0.032752
	     768	    1024	    2048	0.016685	0.015814	0.016381	0.031399
	    1024	    1024	    2048	0.018865	0.016717	0.018081	0.032201
	    1536	    1024	    2048	0.022273	0.021451	0.021066	0.031549
	    2048	    1024	    2048	0.025459	0.022968	0.021805	0.033026
	    3072	    1024	    2048	0.040295	0.032578	0.036602	0.037179
	    4096	    1024	    2048	0.045012	0.040107	0.038805	0.037319
	    7168	    1024	    2048	0.082145	0.068618	0.069070	0.057745
	    8192	    1024	    2048	0.084787	0.072721	0.071117	0.062127
	   11264	    1024	    2048	0.121357	0.105655	0.101441	0.087572
	   12280	    1024	    2048	0.126050	0.105653	0.104033	0.090966
	   15360	    1024	    2048	0.161655	0.138597	0.133531	0.110715
	   16384	    1024	    2048	0.165657	0.140890	0.137118	0.119680
	       1	    2048	       1	0.010986	0.011470	0.012954	     nan
	       2	    2048	       1	0.011910	0.011777	0.012511	     nan
	       4	    2048	       1	0.012122	0.011926	0.013192	     nan
	       8	    2048	       1	0.011909	0.011887	0.012455	     nan
	      16	    2048	       1	0.012213	0.011912	0.013097	     nan
	      24	    2048	       1	0.012026	0.011954	0.012757	     nan
	      32	    2048	       1	0.012324	0.012005	0.013496	     nan
	      40	    2048	       1	0.012078	0.012018	0.012587	     nan
	      48	    2048	       1	0.012232	0.012224	0.013535	     nan
	      56	    2048	       1	0.012350	0.012250	0.012851	     nan
	      64	    2048	       1	0.012190	0.012046	0.013522	     nan
	      72	    2048	       1	0.012139	0.012211	0.012902	     nan
	      80	    2048	       1	0.012212	0.012295	0.013698	     nan
	      88	    2048	       1	0.012197	0.012104	0.012857	     nan
	      96	    2048	       1	0.012598	0.012111	0.013491	     nan
	     104	    2048	       1	0.012232	0.012457	0.013264	     nan
	     112	    2048	       1	0.012466	0.012332	0.013789	     nan
	     120	    2048	       1	0.012540	0.012434	0.013091	     nan
	     128	    2048	       1	0.012579	0.012429	0.013015	     nan
	     136	    2048	       1	0.012586	0.012213	0.014507	     nan
	     144	    2048	       1	0.012567	0.012519	0.014613	     nan
	     152	    2048	       1	0.012381	0.012713	0.014198	     nan
	     160	    2048	       1	0.012621	0.012620	0.013951	     nan
	     168	    2048	       1	0.012749	0.012622	0.014965	     nan
	     176	    2048	       1	0.012711	0.012807	0.014737	     nan
	     184	    2048	       1	0.012507	0.012843	0.014051	     nan
	     192	    2048	       1	0.012482	0.012612	0.014012	     nan
	     200	    2048	       1	0.013035	0.012769	0.014567	     nan
	     208	    2048	       1	0.013000	0.012886	0.014731	     nan
	     216	    2048	       1	0.013243	0.013021	0.014068	     nan
	     224	    2048	       1	0.013066	0.012956	0.014023	     nan
	     232	    2048	       1	0.013503	0.012911	0.014584	     nan
	     240	    2048	       1	0.013244	0.013049	0.014035	     nan
	     248	    2048	       1	0.013445	0.013272	0.015147	     nan
	     256	    2048	       1	0.013428	0.013364	0.013926	     nan
	     272	    2048	       1	0.013368	0.013460	0.014118	     nan
	     288	    2048	       1	0.013561	0.013348	0.015110	     nan
	     304	    2048	       1	0.013593	0.013612	0.014998	     nan
	     320	    2048	       1	0.013427	0.013583	0.013992	     nan
	     336	    2048	       1	0.013549	0.013498	0.015186	     nan
	     352	    2048	       1	0.013342	0.013545	0.015670	     nan
	     368	    2048	       1	0.013512	0.013571	0.014980	     nan
	     384	    2048	       1	0.013407	0.013588	0.015826	     nan
	     400	    2048	       1	0.013641	0.013726	0.015689	     nan
	     416	    2048	       1	0.013725	0.013757	0.016627	     nan
	     432	    2048	       1	0.013899	0.013770	0.015781	     nan
	     448	    2048	       1	0.013555	0.013776	0.016797	     nan
	     464	    2048	       1	0.013861	0.013743	0.016861	     nan
	     480	    2048	       1	0.013906	0.013990	0.017825	     nan
	     496	    2048	       1	0.014386	0.014021	0.016729	     nan
	     512	    2048	       1	0.014391	0.014143	0.017945	     nan
	     768	    2048	       1	0.014897	0.014800	0.019150	     nan
	    1024	    2048	       1	0.016254	0.015794	0.021645	     nan
	    1536	    2048	       1	0.018219	0.016508	0.024067	     nan
	    2048	    2048	       1	0.019083	0.018162	0.026960	     nan
	    3072	    2048	       1	0.022712	0.022289	0.030981	     nan
	    4096	    2048	       1	0.025900	0.025138	0.033368	     nan
	    7168	    2048	       1	0.033696	0.033404	0.042193	     nan
	    8192	    2048	       1	0.034858	0.034646	0.046209	     nan
	   11264	    2048	       1	0.047928	0.044748	0.053368	     nan
	   12280	    2048	       1	0.052601	0.049254	0.059348	     nan
	   15360	    2048	       1	0.060999	0.059531	0.066297	     nan
	   16384	    2048	       1	0.062749	0.060774	0.072010	     nan
	       1	    2048	      16	0.014521	0.013509	0.012442	0.033299
	       2	    2048	      16	0.015498	0.014652	0.012654	0.031965
	       4	    2048	      16	0.015360	0.015030	0.012694	0.031972
	       8	    2048	      16	0.015375	0.014640	0.012751	0.032353
	      16	    2048	      16	0.015390	0.014684	0.012669	0.032684
	      24	    2048	      16	0.015604	0.014604	0.013152	0.032846
	      32	    2048	      16	0.015569	0.014743	0.012626	0.031952
	      40	    2048	      16	0.015572	0.014801	0.012602	0.031940
	      48	    2048	      16	0.015621	0.014548	0.012591	0.031847
	      56	    2048	      16	0.015574	0.014534	0.012793	0.031159
	      64	    2048	      16	0.015539	0.014554	0.012792	0.030920
	      72	    2048	      16	0.015626	0.014568	0.013259	0.031218
	      80	    2048	      16	0.015601	0.014875	0.012903	0.031588
	      88	    2048	      16	0.015569	0.014573	0.013073	0.031274
	      96	    2048	      16	0.015454	0.014856	0.013198	0.031438
	     104	    2048	      16	0.015658	0.014987	0.013405	0.034740
	     112	    2048	      16	0.015516	0.015036	0.013231	0.031309
	     120	    2048	      16	0.015884	0.015060	0.013227	0.031149
	     128	    2048	      16	0.015858	0.015029	0.013538	0.031770
	     136	    2048	      16	0.016095	0.014871	0.013034	0.031895
	     144	    2048	      16	0.016107	0.014904	0.013304	0.031025
	     152	    2048	      16	0.015723	0.015134	0.013844	0.030226
	     160	    2048	      16	0.015731	0.014928	0.013541	0.030210
	     168	    2048	      16	0.015718	0.015046	0.012917	0.030677
	     176	    2048	      16	0.015719	0.014925	0.013001	0.031203
	     184	    2048	      16	0.015741	0.015161	0.013406	0.031069
	     192	    2048	      16	0.015718	0.014899	0.013134	0.031102
	     200	    2048	      16	0.015615	0.014969	0.013244	0.031407
	     208	    2048	      16	0.015623	0.015000	0.013294	0.031735
	     216	    2048	      16	0.015723	0.014860	0.013354	0.031053
	     224	    2048	      16	0.015734	0.014830	0.013359	0.031896
	     232	    2048	      16	0.015983	0.015106	0.013392	0.031169
	     240	    2048	      16	0.015799	0.015165	0.013275	0.031188
	     248	    2048	      16	0.016202	0.015145	0.013494	0.031706
	     256	    2048	      16	0.016192	0.015316	0.013442	0.031821
	     272	    2048	      16	0.015842	0.015457	0.013303	0.030926
	     288	    2048	      16	0.016008	0.015532	0.013377	0.031471
	     304	    2048	      16	0.016069	0.015369	0.013300	0.031084
	     320	    2048	      16	0.016122	0.015436	0.013564	0.033092
	     336	    2048	      16	0.016145	0.015688	0.013264	0.032565
	     352	    2048	      16	0.016401	0.015714	0.013431	0.031978
	     368	    2048	      16	0.016441	0.015741	0.013475	0.032344
	     384	    2048	      16	0.016309	0.015765	0.013398	0.031918
	     400	    2048	      16	0.016650	0.015661	0.013551	0.032394
	     416	    2048	      16	0.016729	0.015697	0.013409	0.031824
	     432	    2048	      16	0.016471	0.015674	0.013570	0.032102
	     448	    2048	      16	0.016705	0.015898	0.013410	0.033069
	     464	    2048	      16	0.016899	0.015883	0.013465	0.032807
	     480	    2048	      16	0.016749	0.015803	0.013432	0.032267
	     496	    2048	      16	0.016965	0.015910	0.013650	0.033134
	     512	    2048	      16	0.016859	0.015824	0.013636	0.032148
	     768	    2048	      16	0.017343	0.015506	0.013928	0.032737
	    1024	    2048	      16	0.017993	0.015974	0.014507	0.032431
	    1536	    2048	      16	0.018673	0.016869	0.014986	0.032820
	    2048	    2048	      16	0.019651	0.017284	0.015818	0.032950
	    3072	    2048	      16	0.019904	0.018081	0.017410	0.032937
	    4096	    2048	      16	0.021427	0.020424	0.019230	0.034057
	    7168	    2048	      16	0.028484	0.026775	0.024188	0.035404
	    8192	    2048	      16	0.030327	0.029268	0.026061	0.037629
	   11264	    2048	      16	0.038116	0.037732	0.032331	0.038572
	   12280	    2048	      16	0.039809	0.039839	0.033934	0.038341
	   15360	    2048	      16	0.046027	0.045096	0.039131	0.043727
	   16384	    2048	      16	0.049003	0.046313	0.041088	0.038252
	       1	    2048	     512	0.013364	0.013938	0.013766	0.031858
	       2	    2048	     512	0.014509	0.013456	0.013042	0.031667
	       4	    2048	     512	0.014739	0.013608	0.013754	0.031494
	       8	    2048	     512	0.014718	0.013449	0.013757	0.031844
	      16	    2048	     512	0.014548	0.013610	0.013210	0.032562
	      24	    2048	     512	0.014751	0.013552	0.013638	0.032884
	      32	    2048	     512	0.014774	0.013358	0.013275	0.032543
	      40	    2048	     512	0.014578	0.013552	0.013584	0.032685
	      48	    2048	     512	0.014785	0.013540	0.013320	0.031725
	      56	    2048	     512	0.014611	0.013574	0.013601	0.032445
	      64	    2048	     512	0.014805	0.013404	0.013618	0.032537
	      72	    2048	     512	0.014789	0.013405	0.013526	0.033100
	      80	    2048	     512	0.014490	0.013404	0.013633	0.032326
	      88	    2048	     512	0.014691	0.013430	0.013510	0.032462
	      96	    2048	     512	0.014677	0.013415	0.013440	0.032695
	     104	    2048	     512	0.014628	0.013434	0.013338	0.032256
	     112	    2048	     512	0.014692	0.013602	0.013613	0.031648
	     120	    2048	     512	0.014556	0.013643	0.013380	0.031476
	     128	    2048	     512	0.014494	0.013414	0.013614	0.032650
	     136	    2048	     512	0.014852	0.013659	0.013704	0.032561
	     144	    2048	     512	0.014711	0.013464	0.013701	0.031927
	     152	    2048	     512	0.014704	0.013667	0.013635	0.031827
	     160	    2048	     512	0.014887	0.013654	0.013682	0.031566
	     168	    2048	     512	0.014771	0.013507	0.013756	0.032305
	     176	    2048	     512	0.014735	0.013466	0.013542	0.032026
	     184	    2048	     512	0.014616	0.013540	0.013770	0.031024
	     192	    2048	     512	0.014745	0.013488	0.013735	0.032207
	     200	    2048	     512	0.015263	0.013544	0.013813	0.032586
	     208	    2048	     512	0.014747	0.013509	0.013830	0.031937
	     216	    2048	     512	0.014842	0.013580	0.013732	0.031646
	     224	    2048	     512	0.014783	0.013710	0.013875	0.033471
	     232	    2048	     512	0.014965	0.013581	0.013784	0.031484
	     240	    2048	     512	0.014994	0.013544	0.013942	0.031613
	     248	    2048	     512	0.014818	0.013617	0.013792	0.031626
	     256	    2048	     512	0.015381	0.013737	0.013804	0.031951
	     272	    2048	     512	0.015654	0.014723	0.014305	0.031514
	     288	    2048	     512	0.015778	0.014516	0.014054	0.032157
	     304	    2048	     512	0.016004	0.014563	0.014201	0.032166
	     320	    2048	     512	0.016235	0.015015	0.014203	0.031760
	     336	    2048	     512	0.016214	0.014523	0.014281	0.032002
	     352	    2048	     512	0.016288	0.015146	0.014417	0.031750
	     368	    2048	     512	0.016080	0.014572	0.014515	0.033110
	     384	    2048	     512	0.016165	0.014572	0.014318	0.032400
	     400	    2048	     512	0.016154	0.014686	0.014676	0.032470
	     416	    2048	     512	0.016222	0.014668	0.014432	0.032045
	     432	    2048	     512	0.016370	0.014825	0.014795	0.032245
	     448	    2048	     512	0.016408	0.014655	0.014504	0.032814
	     464	    2048	     512	0.016274	0.014909	0.015085	0.032017
	     480	    2048	     512	0.016467	0.014911	0.014794	0.032319
	     496	    2048	     512	0.016567	0.015007	0.014817	0.032371
	     512	    2048	     512	0.016553	0.014874	0.014832	0.032577
	     768	    2048	     512	0.017597	0.015003	0.015441	0.032991
	    1024	    2048	     512	0.017827	0.015220	0.016051	0.032403
	    1536	    2048	     512	0.021578	0.017387	0.016912	0.033204
	    2048	    2048	     512	0.022044	0.017997	0.017688	0.033471
	    3072	    2048	     512	0.025455	0.024421	0.023272	0.034020
	    4096	    2048	     512	0.028569	0.025980	0.026310	0.034968
	    7168	    2048	     512	0.042730	0.035949	0.033555	0.037539
	    8192	    2048	     512	0.043427	0.036628	0.034674	0.038460
	   11264	    2048	     512	0.066004	0.063409	0.059775	0.049121
	   12280	    2048	     512	0.067749	0.065795	0.059550	0.051095
	   15360	    2048	     512	0.080658	0.066697	0.061833	0.061385
	   16384	    2048	     512	0.081150	0.066924	0.063046	0.065225
	       1	    2048	    2560	0.015013	0.015739	0.015360	0.033483
	       2	    2048	    2560	0.016325	0.015138	0.015450	0.033562
	       4	    2048	    2560	0.016007	0.015099	0.015458	0.032248
	       8	    2048	    2560	0.015852	0.015010	0.015222	0.032805
	      16	    2048	    2560	0.015863	0.015559	0.015387	0.032890
	      24	    2048	    2560	0.016337	0.015119	0.015411	0.031426
	      32	    2048	    2560	0.016263	0.015100	0.015322	0.032086
	      40	    2048	    2560	0.016130	0.014974	0.015482	0.031815
	      48	    2048	    2560	0.016073	0.015103	0.015375	0.031961
	      56	    2048	    2560	0.017241	0.023087	0.015718	0.031899
	      64	    2048	    2560	0.017149	0.023083	0.015855	0.032248
	      72	    2048	    2560	0.017066	0.015794	0.015913	0.032047
	      80	    2048	    2560	0.017171	0.015761	0.015814	0.031774
	      88	    2048	    2560	0.017218	0.015890	0.015765	0.031967
	      96	    2048	    2560	0.017114	0.015713	0.016013	0.031699
	     104	    2048	    2560	0.018240	0.015838	0.016756	0.031430
	     112	    2048	    2560	0.017958	0.015936	0.016674	0.031791
	     120	    2048	    2560	0.018244	0.016004	0.016776	0.031755
	     128	    2048	    2560	0.018188	0.015950	0.016672	0.031940
	     136	    2048	    2560	0.018446	0.015832	0.017091	0.031782
	     144	    2048	    2560	0.017993	0.015794	0.016917	0.030839
	     152	    2048	    2560	0.018039	0.016069	0.016961	0.032228
	     160	    2048	    2560	0.018129	0.016009	0.016898	0.032141
	     168	    2048	    2560	0.018257	0.015863	0.017102	0.032230
	     176	    2048	    2560	0.017959	0.015786	0.016941	0.031298
	     184	    2048	    2560	0.018252	0.016043	0.017066	0.031641
	     192	    2048	    2560	0.018348	0.015893	0.017069	0.033883
	     200	    2048	    2560	0.020966	0.017704	0.017613	0.033187
	     208	    2048	    2560	0.021058	0.017823	0.017641	0.033006
	     216	    2048	    2560	0.021133	0.017845	0.017781	0.032404
	     224	    2048	    2560	0.021110	0.017858	0.017840	0.032619
	     232	    2048	    2560	0.021160	0.017669	0.017668	0.032564
	     240	    2048	    2560	0.020972	0.017845	0.017672	0.032476
	     248	    2048	    2560	0.020933	0.017817	0.017816	0.032708
	     256	    2048	    2560	0.020954	0.017862	0.017690	0.032783
	     272	    2048	    2560	0.021417	0.017618	0.018030	0.032957
	     288	    2048	    2560	0.021410	0.017761	0.017873	0.032761
	     304	    2048	    2560	0.021677	0.017939	0.017890	0.032714
	     320	    2048	    2560	0.021388	0.018160	0.018207	0.032785
	     336	    2048	    2560	0.021901	0.017707	0.018318	0.032889
	     352	    2048	    2560	0.021849	0.017931	0.018249	0.033037
	     368	    2048	    2560	0.021937	0.017760	0.018286	0.032761
	     384	    2048	    2560	0.022090	0.018057	0.018337	0.031840
	     400	    2048	    2560	0.024285	0.022762	0.021060	0.032835
	     416	    2048	    2560	0.024188	0.022966	0.020830	0.032445
	     432	    2048	    2560	0.024322	0.022803	0.021102	0.032865
	     448	    2048	    2560	0.024233	0.022825	0.020943	0.033309
	     464	    2048	    2560	0.024477	0.023281	0.021429	0.032338
	     480	    2048	    2560	0.024405	0.023296	0.021484	0.032165
	     496	    2048	    2560	0.024315	0.022995	0.021281	0.032777
	     512	    2048	    2560	0.024357	0.022994	0.021430	0.032579
	     768	    2048	    2560	0.027744	0.024358	0.024806	0.033284
	    1024	    2048	    2560	0.034154	0.032882	0.030860	0.036043
	    1536	    2048	    2560	0.041511	0.035021	0.032129	0.036476
	    2048	    2048	    2560	0.062903	0.053055	0.050352	0.040407
	    3072	    2048	    2560	0.078724	0.064339	0.058377	0.055027
	    4096	    2048	    2560	0.115823	0.088194	0.084984	0.076816
	    7168	    2048	    2560	0.189116	0.153022	0.140202	0.125703
	    8192	    2048	    2560	0.198323	0.159952	0.145914	0.145087
	   11264	    2048	    2560	0.260525	0.226007	0.201220	0.194497
	   12280	    2048	    2560	0.310009	0.250873	0.226067	0.210208
	   15360	    2048	    2560	0.386376	0.318150	0.285445	0.272900
	   16384	    2048	    2560	0.383947	0.352238	0.303912	0.301497
	       1	    2048	    3072	0.015626	0.016399	0.015908	0.033213
	       2	    2048	    3072	0.016408	0.015392	0.015961	0.032190
	       4	    2048	    3072	0.016655	0.015283	0.016045	0.032539
	       8	    2048	    3072	0.016266	0.015154	0.016144	0.032012
	      16	    2048	    3072	0.016468	0.015511	0.016155	0.032626
	      24	    2048	    3072	0.016133	0.015179	0.015991	0.032226
	      32	    2048	    3072	0.016465	0.015324	0.015978	0.032383
	      40	    2048	    3072	0.017206	0.016139	0.016350	0.033308
	      48	    2048	    3072	0.017163	0.016396	0.016382	0.032810
	      56	    2048	    3072	0.017058	0.016395	0.016359	0.032734
	      64	    2048	    3072	0.017480	0.016353	0.016419	0.032449
	      72	    2048	    3072	0.017322	0.016349	0.017528	0.032241
	      80	    2048	    3072	0.017426	0.016402	0.017483	0.032557
	      88	    2048	    3072	0.020427	0.016202	0.017394	0.032719
	      96	    2048	    3072	0.020766	0.016379	0.017638	0.032482
	     104	    2048	    3072	0.018368	0.016452	0.017447	0.031940
	     112	    2048	    3072	0.018594	0.016263	0.017468	0.032693
	     120	    2048	    3072	0.018049	0.016450	0.017480	0.032337
	     128	    2048	    3072	0.018456	0.016243	0.017622	0.032637
	     136	    2048	    3072	0.020857	0.017825	0.018018	0.032080
	     144	    2048	    3072	0.020674	0.017996	0.018429	0.032247
	     152	    2048	    3072	0.020602	0.017981	0.017980	0.031692
	     160	    2048	    3072	0.020719	0.017931	0.018247	0.032165
	     168	    2048	    3072	0.020698	0.017817	0.017981	0.032358
	     176	    2048	    3072	0.020523	0.017846	0.018221	0.031891
	     184	    2048	    3072	0.020686	0.017847	0.018095	0.032298
	     192	    2048	    3072	0.020609	0.017818	0.018239	0.033090
	     200	    2048	    3072	0.021140	0.017855	0.018028	0.033161
	     208	    2048	    3072	0.021527	0.018037	0.018264	0.033237
	     216	    2048	    3072	0.021354	0.018026	0.018057	0.033970
	     224	    2048	    3072	0.021372	0.017840	0.018247	0.033697
	     232	    2048	    3072	0.021598	0.017871	0.018254	0.033928
	     240	    2048	    3072	0.021558	0.017806	0.018471	0.034273
	     248	    2048	    3072	0.021618	0.017866	0.018126	0.033920
	     256	    2048	    3072	0.021809	0.017871	0.018522	0.033138
	     272	    2048	    3072	0.022038	0.018347	0.018871	0.033503
	     288	    2048	    3072	0.021910	0.018251	0.018953	0.032786
	     304	    2048	    3072	0.021932	0.018224	0.018790	0.032420
	     320	    2048	    3072	0.021872	0.018139	0.018809	0.033224
	     336	    2048	    3072	0.024345	0.023221	0.021407	0.033934
	     352	    2048	    3072	0.024580	0.023205	0.021651	0.033196
	     368	    2048	    3072	0.024595	0.023304	0.021305	0.033084
	     384	    2048	    3072	0.024435	0.023102	0.021418	0.032687
	     400	    2048	    3072	0.024701	0.023202	0.022488	0.034531
	     416	    2048	    3072	0.024841	0.023176	0.022509	0.034382
	     432	    2048	    3072	0.024530	0.023228	0.022267	0.034861
	     448	    2048	    3072	0.024556	0.023219	0.022215	0.033601
	     464	    2048	    3072	0.024992	0.023564	0.022278	0.034315
	     480	    2048	    3072	0.024928	0.023381	0.022317	0.033925
	     496	    2048	    3072	0.024639	0.023514	0.022117	0.034280
	     512	    2048	    3072	0.024949	0.023445	0.022201	0.034146
	     768	    2048	    3072	0.034175	0.031936	0.029850	0.038546
	    1024	    2048	    3072	0.035283	0.033171	0.031310	0.038408
	    1536	    2048	    3072	0.060793	0.053076	0.047588	0.041881
	    2048	    2048	    3072	0.069695	0.054315	0.056804	0.042594
	    3072	    2048	    3072	0.105532	0.086718	0.084442	0.073466
	    4096	    2048	    3072	0.117248	0.096524	0.088145	0.084903
	    7168	    2048	    3072	0.221552	0.182728	0.166189	0.158051
	    8192	    2048	    3072	0.236996	0.192826	0.175809	0.173427
	   11264	    2048	    3072	0.310108	0.260774	0.239120	0.239518
	   12280	    2048	    3072	0.350787	0.276549	0.263835	0.252194
	   15360	    2048	    3072	0.428875	0.358966	0.334432	0.319860
	   16384	    2048	    3072	0.459600	0.389772	0.382072	0.366525
	       1	    2048	   37984	0.075657	0.075383	0.074191	0.066368
	       2	    2048	   37984	0.071808	0.071416	0.074415	0.067580
	       4	    2048	   37984	0.070717	0.070595	0.074500	0.067458
	       8	    2048	   37984	0.070714	0.070001	0.074442	0.067182
	      16	    2048	   37984	0.071026	0.071699	0.072373	0.066765
	      24	    2048	   37984	0.071786	0.071369	0.074023	0.066669
	      32	    2048	   37984	0.071788	0.071298	0.071119	0.066527
	      40	    2048	   37984	0.071634	0.071395	0.073747	0.067072
	      48	    2048	   37984	0.071817	0.071638	0.072953	0.066915
	      56	    2048	   37984	0.072193	0.071788	0.072656	0.066974
	      64	    2048	   37984	0.072307	0.071927	0.072694	0.067118
	      72	    2048	   37984	0.082030	0.080331	0.082911	0.072722
	      80	    2048	   37984	0.082122	0.080387	0.083124	0.069757
	      88	    2048	   37984	0.082389	0.080639	0.083386	0.069362
	      96	    2048	   37984	0.082558	0.080850	0.083452	0.069200
	     104	    2048	   37984	0.082706	0.081351	0.088081	0.068939
	     112	    2048	   37984	0.082851	0.081345	0.083058	0.069254
	     120	    2048	   37984	0.082979	0.081771	0.081331	0.069165
	     128	    2048	   37984	0.083406	0.082136	0.081375	0.069578
	     136	    2048	   37984	0.108468	0.104854	0.103354	0.107137
	     144	    2048	   37984	0.109032	0.105014	0.103615	0.104079
	     152	    2048	   37984	0.108951	0.105827	0.102486	0.101611
	     160	    2048	   37984	0.109527	0.105697	0.102895	0.100136
	     168	    2048	   37984	0.109168	0.104039	0.102166	0.094374
	     176	    2048	   37984	0.109977	0.102400	0.101631	0.091994
	     184	    2048	   37984	0.109727	0.103587	0.101936	0.091698
	     192	    2048	   37984	0.109589	0.101821	0.100932	0.092055
	     200	    2048	   37984	0.119722	0.102929	0.102040	0.102215
	     208	    2048	   37984	0.120134	0.103923	0.101161	0.100753
	     216	    2048	   37984	0.120759	0.102762	0.101078	0.099665
	     224	    2048	   37984	0.119839	0.102774	0.101402	0.099617
	     232	    2048	   37984	0.120839	0.102810	0.101212	0.097752
	     240	    2048	   37984	0.120765	0.102788	0.100994	0.096944
	     248	    2048	   37984	0.121412	0.103028	0.101602	0.097271
	     256	    2048	   37984	0.121517	0.103345	0.101871	0.097672
	     272	    2048	   37984	0.150225	0.133458	0.130845	0.150064
	     288	    2048	   37984	0.148845	0.133661	0.130556	0.145731
	     304	    2048	   37984	0.149109	0.134903	0.129398	0.134378
	     320	    2048	   37984	0.149984	0.134304	0.128265	0.130626
	     336	    2048	   37984	0.156284	0.134456	0.127377	0.132595
	     352	    2048	   37984	0.155984	0.134433	0.127464	0.129809
	     368	    2048	   37984	0.157826	0.136228	0.126922	0.125909
	     384	    2048	   37984	0.157395	0.136161	0.127228	0.123374
	     400	    2048	   37984	0.192779	0.163319	0.161526	0.168626
	     416	    2048	   37984	0.192533	0.164358	0.160055	0.164887
	     432	    2048	   37984	0.194713	0.164657	0.158654	0.162382
	     448	    2048	   37984	0.194723	0.164655	0.157637	0.160482
	     464	    2048	   37984	0.196052	0.165755	0.156594	0.154303
	     480	    2048	   37984	0.199605	0.164633	0.155895	0.150683
	     496	    2048	   37984	0.197258	0.166121	0.153163	0.146559
	     512	    2048	   37984	0.196685	0.165481	0.152997	0.145987
	     768	    2048	   37984	0.282569	0.234404	0.210028	0.212942
	    1024	    2048	   37984	0.362428	0.319372	0.287376	0.280352
	    1536	    2048	   37984	0.556193	0.488198	0.444741	0.414840
	    2048	    2048	   37984	0.717965	0.598602	0.575439	0.537528
	    3072	    2048	   37984	1.112648	0.965195	0.865328	0.818412
	    4096	    2048	   37984	1.464743	1.344005	1.217068	1.088365
	    7168	    2048	   37984	2.585917	2.210340	2.010897	1.942006
	    8192	    2048	   37984	2.919809	2.478924	2.396695	2.251638
	   11264	    2048	   37984	4.076036	3.513374	3.133234	2.966818
	   12280	    2048	   37984	4.190367	3.757516	3.345330	3.111831
	   15360	    2048	   37984	5.650507	4.540355	4.189117	3.921472
	   16384	    2048	   37984	5.703888	4.946952	4.847824	5.056911
	     384	     384	     384	0.009417	0.010330	0.010348	0.030926
	    4096	    4096	    4096	0.283572	0.237588	0.220093	0.223874
	    1024	    1024	    1024	0.015590	0.013798	0.013970	0.033029
	    2048	    2048	    2048	0.041755	0.035088	0.032491	0.037734
	    4096	    4096	    4096	0.287964	0.235667	0.220964	0.225524
