#	       M	       K	       N	     v33	  no_tma	 dev_tma	host_tma
	       1	       4	    2048	0.002691	0.002506	0.004823	     nan
	       2	       4	    2048	0.003130	0.002996	0.004829	     nan
	       4	       4	    2048	0.003029	0.002849	0.005040	     nan
	       8	       4	    2048	0.002933	0.002850	0.005031	     nan
	      16	       4	    2048	0.003105	0.002944	0.004875	     nan
	      24	       4	    2048	0.003102	0.002908	0.005072	     nan
	      32	       4	    2048	0.003119	0.002876	0.005092	     nan
	      40	       4	    2048	0.003048	0.003040	0.004982	     nan
	      48	       4	    2048	0.003077	0.003049	0.005213	     nan
	      56	       4	    2048	0.003085	0.003065	0.005136	     nan
	      64	       4	    2048	0.003099	0.003065	0.005223	     nan
	      72	       4	    2048	0.003140	0.003089	0.005210	     nan
	      80	       4	    2048	0.003113	0.003072	0.005152	     nan
	      88	       4	    2048	0.003149	0.003100	0.005148	     nan
	      96	       4	    2048	0.003089	0.003105	0.005244	     nan
	     104	       4	    2048	0.003145	0.003124	0.005168	     nan
	     112	       4	    2048	0.003083	0.003130	0.005267	     nan
	     120	       4	    2048	0.003104	0.003129	0.005237	     nan
	     128	       4	    2048	0.003078	0.003126	0.005343	     nan
	     136	       4	    2048	0.003142	0.003376	0.005168	     nan
	     144	       4	    2048	0.003117	0.003398	0.005310	     nan
	     152	       4	    2048	0.003128	0.003422	0.005317	     nan
	     160	       4	    2048	0.003161	0.003425	0.005326	     nan
	     168	       4	    2048	0.003157	0.003037	0.005347	     nan
	     176	       4	    2048	0.003160	0.003026	0.005220	     nan
	     184	       4	    2048	0.003152	0.003030	0.005249	     nan
	     192	       4	    2048	0.003123	0.003027	0.005245	     nan
	     200	       4	    2048	0.003159	0.003081	0.005276	     nan
	     208	       4	    2048	0.003149	0.003070	0.005573	     nan
	     216	       4	    2048	0.003163	0.003128	0.005644	     nan
	     224	       4	    2048	0.003150	0.003112	0.005384	     nan
	     232	       4	    2048	0.003154	0.003126	0.005391	     nan
	     240	       4	    2048	0.003148	0.003068	0.005397	     nan
	     248	       4	    2048	0.003150	0.003077	0.005406	     nan
	     256	       4	    2048	0.003144	0.003076	0.005387	     nan
	     272	       4	    2048	0.003622	0.003550	0.005532	     nan
	     288	       4	    2048	0.003615	0.003545	0.005564	     nan
	     304	       4	    2048	0.003700	0.003727	0.005595	     nan
	     320	       4	    2048	0.003707	0.003726	0.005621	     nan
	     336	       4	    2048	0.003718	0.003561	0.005768	     nan
	     352	       4	    2048	0.003715	0.003569	0.005754	     nan
	     368	       4	    2048	0.003624	0.003730	0.005967	     nan
	     384	       4	    2048	0.003617	0.003737	0.005847	     nan
	     400	       4	    2048	0.003616	0.003729	0.005933	     nan
	     416	       4	    2048	0.003620	0.003761	0.006052	     nan
	     432	       4	    2048	0.003710	0.003592	0.006048	     nan
	     448	       4	    2048	0.003718	0.003604	0.006095	     nan
	     464	       4	    2048	0.003607	0.003624	0.006233	     nan
	     480	       4	    2048	0.003614	0.003625	0.006254	     nan
	     496	       4	    2048	0.003588	0.003595	0.006291	     nan
	     512	       4	    2048	0.003618	0.003593	0.006302	     nan
	     768	       4	    2048	0.004217	0.004084	0.007622	     nan
	    1024	       4	    2048	0.004804	0.004761	0.008397	     nan
	    1536	       4	    2048	0.007299	0.006589	0.009040	     nan
	    2048	       4	    2048	0.007668	0.007540	0.009977	     nan
	    3072	       4	    2048	0.010553	0.010323	0.015312	     nan
	    4096	       4	    2048	0.013387	0.013526	0.017467	     nan
	    7168	       4	    2048	0.021471	0.020930	0.027264	     nan
	    8192	       4	    2048	0.024003	0.023011	0.029806	     nan
	   11264	       4	    2048	0.031779	0.030808	0.044610	     nan
	   12288	       4	    2048	0.034460	0.033683	0.046482	     nan
	   15360	       4	    2048	0.042286	0.040976	0.057793	     nan
	   16384	       4	    2048	0.044916	0.043561	0.063918	     nan
	       1	     128	    2048	0.003443	0.003118	0.004923	0.002546
	       2	     128	    2048	0.003927	0.003703	0.004929	0.002741
	       4	     128	    2048	0.003471	0.003694	0.005195	0.002578
	       8	     128	    2048	0.003947	0.003695	0.005097	0.002463
	      16	     128	    2048	0.003975	0.003687	0.005134	0.002541
	      24	     128	    2048	0.003535	0.003691	0.005032	0.002540
	      32	     128	    2048	0.003516	0.003728	0.005113	0.002562
	      40	     128	    2048	0.004004	0.003729	0.005094	0.002474
	      48	     128	    2048	0.004007	0.003749	0.005092	0.002456
	      56	     128	    2048	0.003989	0.003763	0.005257	0.002420
	      64	     128	    2048	0.004010	0.003775	0.005088	0.002400
	      72	     128	    2048	0.003687	0.003806	0.005215	0.002683
	      80	     128	    2048	0.003671	0.003828	0.005259	0.002674
	      88	     128	    2048	0.003689	0.003842	0.005250	0.002620
	      96	     128	    2048	0.003680	0.003812	0.005327	0.002633
	     104	     128	    2048	0.003984	0.003878	0.005182	0.002975
	     112	     128	    2048	0.003990	0.003847	0.005218	0.002861
	     120	     128	    2048	0.003991	0.003851	0.005279	0.002823
	     128	     128	    2048	0.003985	0.003841	0.005340	0.002847
	     136	     128	    2048	0.004126	0.003922	0.005254	0.002949
	     144	     128	    2048	0.004139	0.003937	0.005260	0.002969
	     152	     128	    2048	0.004155	0.003940	0.005326	0.002941
	     160	     128	    2048	0.004163	0.003932	0.005284	0.002939
	     168	     128	    2048	0.004127	0.003897	0.005278	0.002838
	     176	     128	    2048	0.004129	0.003892	0.005272	0.002835
	     184	     128	    2048	0.004141	0.003876	0.005222	0.002792
	     192	     128	    2048	0.004144	0.003896	0.005343	0.002730
	     200	     128	    2048	0.004641	0.003923	0.005307	0.003057
	     208	     128	    2048	0.004647	0.003968	0.005419	0.003022
	     216	     128	    2048	0.004655	0.003979	0.005355	0.003000
	     224	     128	    2048	0.004649	0.003974	0.005409	0.003026
	     232	     128	    2048	0.004670	0.003969	0.005344	0.003099
	     240	     128	    2048	0.004665	0.003947	0.005351	0.003030
	     248	     128	    2048	0.004695	0.003985	0.005327	0.002969
	     256	     128	    2048	0.004671	0.003954	0.005381	0.002967
	     272	     128	    2048	0.004541	0.004063	0.005444	0.003343
	     288	     128	    2048	0.004533	0.004029	0.005468	0.003288
	     304	     128	    2048	0.004575	0.004544	0.005445	0.003111
	     320	     128	    2048	0.004553	0.004567	0.005494	0.003097
	     336	     128	    2048	0.004482	0.004757	0.005504	0.003157
	     352	     128	    2048	0.004477	0.004761	0.005528	0.003145
	     368	     128	    2048	0.004839	0.004765	0.005487	0.003147
	     384	     128	    2048	0.004840	0.004769	0.005412	0.003100
	     400	     128	    2048	0.004806	0.004518	0.005466	0.003264
	     416	     128	    2048	0.004804	0.004579	0.005505	0.003217
	     432	     128	    2048	0.004808	0.004525	0.005603	0.003123
	     448	     128	    2048	0.004791	0.004537	0.005558	0.003117
	     464	     128	    2048	0.004764	0.004127	0.005540	0.003754
	     480	     128	    2048	0.004763	0.004156	0.005563	0.003827
	     496	     128	    2048	0.004479	0.004325	0.005649	0.003141
	     512	     128	    2048	0.004479	0.004338	0.005519	0.003156
	     768	     128	    2048	0.005356	0.004828	0.006877	0.003602
	    1024	     128	    2048	0.005262	0.004948	0.006668	0.004112
	    1536	     128	    2048	0.006726	0.006609	0.008367	0.004939
	    2048	     128	    2048	0.007187	0.006889	0.008551	0.005819
	    3072	     128	    2048	0.010608	0.010075	0.013744	0.007466
	    4096	     128	    2048	0.012704	0.012091	0.014866	0.009668
	    7168	     128	    2048	0.022043	0.021120	0.026954	0.015836
	    8192	     128	    2048	0.024049	0.023705	0.028961	0.017385
	   11264	     128	    2048	0.032441	0.031196	0.042268	0.024164
	   12280	     128	    2048	0.035366	0.034165	0.043966	0.026036
	   15360	     128	    2048	0.043049	0.041508	0.055695	0.031601
	   16384	     128	    2048	0.045415	0.043609	0.058027	0.033531
	       1	    1024	    2048	0.006317	0.006565	0.007485	0.005114
	       2	    1024	    2048	0.006751	0.006283	0.007531	0.005135
	       4	    1024	    2048	0.006730	0.006126	0.006923	0.005183
	       8	    1024	    2048	0.006561	0.006707	0.006891	0.004927
	      16	    1024	    2048	0.006581	0.006566	0.007238	0.004775
	      24	    1024	    2048	0.006440	0.006519	0.007160	0.004698
	      32	    1024	    2048	0.006435	0.006535	0.007071	0.004702
	      40	    1024	    2048	0.006498	0.006007	0.007621	0.004944
	      48	    1024	    2048	0.006497	0.006027	0.007565	0.004912
	      56	    1024	    2048	0.006585	0.005973	0.007544	0.004766
	      64	    1024	    2048	0.006572	0.005934	0.007526	0.004740
	      72	    1024	    2048	0.007462	0.006497	0.008090	0.005835
	      80	    1024	    2048	0.007470	0.006607	0.008503	0.005564
	      88	    1024	    2048	0.007487	0.006544	0.007783	0.005436
	      96	    1024	    2048	0.007497	0.006535	0.007734	0.005343
	     104	    1024	    2048	0.007537	0.006599	0.008024	0.004938
	     112	    1024	    2048	0.007538	0.006540	0.007738	0.004678
	     120	    1024	    2048	0.007551	0.006629	0.008011	0.004389
	     128	    1024	    2048	0.007560	0.006587	0.007938	0.004276
	     136	    1024	    2048	0.008047	0.006595	0.008722	0.005174
	     144	    1024	    2048	0.008019	0.006729	0.008649	0.005250
	     152	    1024	    2048	0.007983	0.006608	0.008367	0.005051
	     160	    1024	    2048	0.007964	0.006704	0.008255	0.005177
	     168	    1024	    2048	0.007916	0.006813	0.008293	0.006387
	     176	    1024	    2048	0.007889	0.006685	0.007900	0.006079
	     184	    1024	    2048	0.007891	0.006647	0.007804	0.005694
	     192	    1024	    2048	0.007892	0.006685	0.007751	0.005486
	     200	    1024	    2048	0.007943	0.006674	0.008951	0.005163
	     208	    1024	    2048	0.007876	0.006677	0.008832	0.005119
	     216	    1024	    2048	0.007898	0.006668	0.008621	0.005024
	     224	    1024	    2048	0.007908	0.006676	0.008239	0.005074
	     232	    1024	    2048	0.007809	0.006661	0.008174	0.007181
	     240	    1024	    2048	0.007802	0.006685	0.007956	0.006426
	     248	    1024	    2048	0.007814	0.006636	0.007960	0.006042
	     256	    1024	    2048	0.007838	0.006638	0.007941	0.005802
	     272	    1024	    2048	0.009881	0.008817	0.009150	0.007057
	     288	    1024	    2048	0.009952	0.008945	0.008735	0.006690
	     304	    1024	    2048	0.009938	0.008475	0.008724	0.006434
	     320	    1024	    2048	0.009999	0.008417	0.008623	0.006281
	     336	    1024	    2048	0.010089	0.008516	0.009338	0.007015
	     352	    1024	    2048	0.010128	0.008386	0.008980	0.006783
	     368	    1024	    2048	0.010115	0.008863	0.008873	0.006356
	     384	    1024	    2048	0.010172	0.008849	0.008722	0.006216
	     400	    1024	    2048	0.010288	0.008280	0.009095	0.007313
	     416	    1024	    2048	0.010329	0.008316	0.009144	0.007031
	     432	    1024	    2048	0.010317	0.008315	0.008899	0.006545
	     448	    1024	    2048	0.010434	0.008340	0.008961	0.006470
	     464	    1024	    2048	0.010554	0.008399	0.009405	0.007315
	     480	    1024	    2048	0.010493	0.008411	0.009521	0.007000
	     496	    1024	    2048	0.010486	0.008841	0.008909	0.006657
	     512	    1024	    2048	0.010437	0.008743	0.009030	0.006433
	     768	    1024	    2048	0.012146	0.011154	0.013270	0.008202
	    1024	    1024	    2048	0.013874	0.011168	0.012042	0.008612
	    1536	    1024	    2048	0.017747	0.016400	0.016222	0.011921
	    2048	    1024	    2048	0.020724	0.017760	0.016704	0.014007
	    3072	    1024	    2048	0.036030	0.028140	0.032169	0.021854
	    4096	    1024	    2048	0.041800	0.035956	0.035045	0.029850
	    7168	    1024	    2048	0.080417	0.069019	0.066267	0.055462
	    8192	    1024	    2048	0.084091	0.072147	0.069247	0.060383
	   11264	    1024	    2048	0.135600	0.116548	0.102379	0.087638
	   12280	    1024	    2048	0.144884	0.107015	0.099536	0.090697
	   15360	    1024	    2048	0.165974	0.143733	0.134498	0.114100
	   16384	    1024	    2048	0.170572	0.158198	0.141266	0.125819
	       1	    2048	       1	0.006813	0.007322	0.008716	     nan
	       2	    2048	       1	0.008032	0.007780	0.008836	     nan
	       4	    2048	       1	0.007999	0.007728	0.008823	     nan
	       8	    2048	       1	0.007984	0.007677	0.008750	     nan
	      16	    2048	       1	0.008034	0.007783	0.008906	     nan
	      24	    2048	       1	0.008042	0.007786	0.008918	     nan
	      32	    2048	       1	0.007931	0.007720	0.008893	     nan
	      40	    2048	       1	0.007952	0.007661	0.008831	     nan
	      48	    2048	       1	0.008061	0.007613	0.008753	     nan
	      56	    2048	       1	0.008051	0.007568	0.008769	     nan
	      64	    2048	       1	0.008010	0.007574	0.008786	     nan
	      72	    2048	       1	0.007873	0.007738	0.009148	     nan
	      80	    2048	       1	0.007860	0.007925	0.009158	     nan
	      88	    2048	       1	0.007981	0.007891	0.009160	     nan
	      96	    2048	       1	0.007978	0.007936	0.009108	     nan
	     104	    2048	       1	0.007968	0.007922	0.009115	     nan
	     112	    2048	       1	0.007978	0.007851	0.009109	     nan
	     120	    2048	       1	0.008001	0.007782	0.008998	     nan
	     128	    2048	       1	0.008007	0.007836	0.009065	     nan
	     136	    2048	       1	0.008035	0.007854	0.010105	     nan
	     144	    2048	       1	0.008011	0.008027	0.010099	     nan
	     152	    2048	       1	0.008048	0.008237	0.010468	     nan
	     160	    2048	       1	0.008037	0.008209	0.010128	     nan
	     168	    2048	       1	0.008065	0.008216	0.009586	     nan
	     176	    2048	       1	0.008051	0.008242	0.010219	     nan
	     184	    2048	       1	0.008025	0.008217	0.010143	     nan
	     192	    2048	       1	0.008044	0.008154	0.010051	     nan
	     200	    2048	       1	0.008300	0.008127	0.009945	     nan
	     208	    2048	       1	0.008281	0.008115	0.010029	     nan
	     216	    2048	       1	0.008579	0.008424	0.009906	     nan
	     224	    2048	       1	0.008608	0.008409	0.009930	     nan
	     232	    2048	       1	0.008882	0.008476	0.009986	     nan
	     240	    2048	       1	0.008877	0.008473	0.010203	     nan
	     248	    2048	       1	0.008876	0.008824	0.010148	     nan
	     256	    2048	       1	0.008878	0.008797	0.010089	     nan
	     272	    2048	       1	0.008949	0.008876	0.010075	     nan
	     288	    2048	       1	0.008936	0.008911	0.010473	     nan
	     304	    2048	       1	0.008959	0.008823	0.009858	     nan
	     320	    2048	       1	0.008938	0.008816	0.009867	     nan
	     336	    2048	       1	0.008969	0.008807	0.011017	     nan
	     352	    2048	       1	0.008967	0.008990	0.010737	     nan
	     368	    2048	       1	0.008991	0.009004	0.011119	     nan
	     384	    2048	       1	0.008966	0.008986	0.011112	     nan
	     400	    2048	       1	0.009037	0.008967	0.011377	     nan
	     416	    2048	       1	0.009040	0.009040	0.011963	     nan
	     432	    2048	       1	0.009039	0.008972	0.011319	     nan
	     448	    2048	       1	0.009037	0.008963	0.012027	     nan
	     464	    2048	       1	0.009192	0.008976	0.012357	     nan
	     480	    2048	       1	0.009343	0.009116	0.013439	     nan
	     496	    2048	       1	0.009582	0.009162	0.012385	     nan
	     512	    2048	       1	0.009591	0.009535	0.013149	     nan
	     768	    2048	       1	0.010552	0.010584	0.014316	     nan
	    1024	    2048	       1	0.012216	0.011052	0.016839	     nan
	    1536	    2048	       1	0.013534	0.011938	0.018512	     nan
	    2048	    2048	       1	0.014324	0.013436	0.022072	     nan
	    3072	    2048	       1	0.018106	0.017789	0.026347	     nan
	    4096	    2048	       1	0.020983	0.020787	0.029455	     nan
	    7168	    2048	       1	0.029022	0.028568	0.036004	     nan
	    8192	    2048	       1	0.030137	0.029784	0.040240	     nan
	   11264	    2048	       1	0.044002	0.042178	0.048431	     nan
	   12280	    2048	       1	0.048246	0.045875	0.054042	     nan
	   15360	    2048	       1	0.056108	0.054881	0.060779	     nan
	   16384	    2048	       1	0.060307	0.056216	0.065242	     nan
	       1	    2048	      16	0.009724	0.008765	0.008568	0.005753
	       2	    2048	      16	0.011018	0.010155	0.008550	0.005750
	       4	    2048	      16	0.011016	0.010366	0.008500	0.005666
	       8	    2048	      16	0.010841	0.010025	0.008450	0.005617
	      16	    2048	      16	0.010990	0.009962	0.008396	0.005639
	      24	    2048	      16	0.010924	0.009969	0.008380	0.005788
	      32	    2048	      16	0.010952	0.010060	0.008482	0.005983
	      40	    2048	      16	0.010835	0.009975	0.008501	0.006087
	      48	    2048	      16	0.010836	0.009967	0.008494	0.006096
	      56	    2048	      16	0.010804	0.009930	0.008500	0.006227
	      64	    2048	      16	0.010782	0.009992	0.008508	0.006334
	      72	    2048	      16	0.010748	0.010156	0.008715	0.006444
	      80	    2048	      16	0.010731	0.010246	0.008701	0.006408
	      88	    2048	      16	0.010758	0.010159	0.008602	0.006362
	      96	    2048	      16	0.010747	0.010116	0.008482	0.006288
	     104	    2048	      16	0.010750	0.010089	0.008521	0.006320
	     112	    2048	      16	0.010785	0.010114	0.008536	0.006329
	     120	    2048	      16	0.010968	0.010125	0.008063	0.006288
	     128	    2048	      16	0.011019	0.010063	0.008043	0.006290
	     136	    2048	      16	0.010972	0.010072	0.008084	0.006287
	     144	    2048	      16	0.011000	0.010122	0.008132	0.006324
	     152	    2048	      16	0.010999	0.010072	0.008374	0.006288
	     160	    2048	      16	0.011032	0.010074	0.008119	0.006284
	     168	    2048	      16	0.010972	0.010069	0.008461	0.006286
	     176	    2048	      16	0.010991	0.010074	0.008461	0.006293
	     184	    2048	      16	0.010984	0.010193	0.008597	0.006326
	     192	    2048	      16	0.010974	0.010075	0.008450	0.006280
	     200	    2048	      16	0.011037	0.010179	0.008550	0.006355
	     208	    2048	      16	0.011038	0.010265	0.008526	0.006442
	     216	    2048	      16	0.011125	0.010469	0.008694	0.006523
	     224	    2048	      16	0.011133	0.010646	0.008669	0.006446
	     232	    2048	      16	0.011136	0.010487	0.008700	0.006442
	     240	    2048	      16	0.011177	0.010365	0.008535	0.006376
	     248	    2048	      16	0.011172	0.010343	0.008642	0.006324
	     256	    2048	      16	0.011181	0.010317	0.008628	0.006411
	     272	    2048	      16	0.011220	0.010718	0.008543	0.006276
	     288	    2048	      16	0.011496	0.010809	0.008564	0.006300
	     304	    2048	      16	0.011409	0.010506	0.008594	0.006265
	     320	    2048	      16	0.011417	0.010441	0.008998	0.006315
	     336	    2048	      16	0.011391	0.010471	0.008719	0.006271
	     352	    2048	      16	0.011428	0.010560	0.008848	0.006348
	     368	    2048	      16	0.011414	0.010471	0.008836	0.006284
	     384	    2048	      16	0.011391	0.010465	0.008814	0.006285
	     400	    2048	      16	0.011823	0.010487	0.009044	0.006298
	     416	    2048	      16	0.011863	0.010571	0.009048	0.006335
	     432	    2048	      16	0.011876	0.010497	0.009030	0.006269
	     448	    2048	      16	0.011768	0.010487	0.008789	0.006311
	     464	    2048	      16	0.011837	0.010703	0.008917	0.006490
	     480	    2048	      16	0.011945	0.010801	0.009155	0.006391
	     496	    2048	      16	0.012053	0.010706	0.008856	0.007035
	     512	    2048	      16	0.012067	0.010559	0.008803	0.006997
	     768	    2048	      16	0.012564	0.010568	0.009099	0.006404
	    1024	    2048	      16	0.012861	0.010646	0.009440	0.006401
	    1536	    2048	      16	0.013078	0.010983	0.009938	0.006640
	    2048	    2048	      16	0.014051	0.011274	0.010005	0.007079
	    3072	    2048	      16	0.014194	0.012366	0.011071	0.007831
	    4096	    2048	      16	0.015258	0.013280	0.011376	0.008281
	    7168	    2048	      16	0.019771	0.019180	0.015121	0.010901
	    8192	    2048	      16	0.022427	0.021278	0.015698	0.011759
	   11264	    2048	      16	0.030641	0.031431	0.023433	0.020309
	   12280	    2048	      16	0.032730	0.032986	0.025046	0.021700
	   15360	    2048	      16	0.040252	0.037408	0.029728	0.025904
	   16384	    2048	      16	0.043489	0.038609	0.031343	0.027310
	       1	    2048	     512	0.007899	0.008531	0.008811	0.006992
	       2	    2048	     512	0.009042	0.008209	0.008640	0.005745
	       4	    2048	     512	0.009552	0.008151	0.008119	0.005672
	       8	    2048	     512	0.009064	0.008066	0.008010	0.006843
	      16	    2048	     512	0.009371	0.008068	0.008592	0.005672
	      24	    2048	     512	0.009880	0.008073	0.008562	0.005698
	      32	    2048	     512	0.009738	0.008111	0.008657	0.005723
	      40	    2048	     512	0.009768	0.008123	0.008684	0.005739
	      48	    2048	     512	0.009629	0.008125	0.008589	0.005735
	      56	    2048	     512	0.009626	0.008151	0.008700	0.005777
	      64	    2048	     512	0.009598	0.008251	0.008685	0.005890
	      72	    2048	     512	0.009102	0.008372	0.008805	0.005868
	      80	    2048	     512	0.009098	0.008279	0.008817	0.005836
	      88	    2048	     512	0.009100	0.008182	0.008702	0.005807
	      96	    2048	     512	0.009114	0.008193	0.008634	0.005777
	     104	    2048	     512	0.009113	0.008169	0.008674	0.005765
	     112	    2048	     512	0.009124	0.008186	0.008717	0.005790
	     120	    2048	     512	0.009138	0.008215	0.008658	0.005798
	     128	    2048	     512	0.009148	0.008214	0.008932	0.005793
	     136	    2048	     512	0.009687	0.008242	0.008790	0.006022
	     144	    2048	     512	0.009668	0.008248	0.008827	0.005826
	     152	    2048	     512	0.009670	0.008232	0.008915	0.005804
	     160	    2048	     512	0.009674	0.008211	0.008855	0.005808
	     168	    2048	     512	0.009155	0.008233	0.008965	0.005803
	     176	    2048	     512	0.009165	0.008222	0.009181	0.005765
	     184	    2048	     512	0.009180	0.008225	0.009242	0.005782
	     192	    2048	     512	0.009177	0.008217	0.008974	0.005777
	     200	    2048	     512	0.009194	0.008246	0.008957	0.006103
	     208	    2048	     512	0.009211	0.008228	0.009149	0.006006
	     216	    2048	     512	0.009202	0.008293	0.009130	0.005952
	     224	    2048	     512	0.009223	0.008539	0.009262	0.005984
	     232	    2048	     512	0.009771	0.008453	0.009113	0.005882
	     240	    2048	     512	0.009746	0.008336	0.009310	0.005888
	     248	    2048	     512	0.009751	0.008292	0.009254	0.005837
	     256	    2048	     512	0.009767	0.008294	0.009201	0.005808
	     272	    2048	     512	0.011260	0.009504	0.009268	0.006582
	     288	    2048	     512	0.011368	0.009519	0.009537	0.006345
	     304	    2048	     512	0.011363	0.009547	0.009406	0.006153
	     320	    2048	     512	0.011385	0.009530	0.009401	0.005990
	     336	    2048	     512	0.011385	0.009510	0.009551	0.006910
	     352	    2048	     512	0.011408	0.009540	0.009601	0.006779
	     368	    2048	     512	0.011485	0.009512	0.009628	0.006548
	     384	    2048	     512	0.011436	0.009539	0.009797	0.006623
	     400	    2048	     512	0.011400	0.009509	0.009570	0.007301
	     416	    2048	     512	0.011438	0.009515	0.009591	0.007075
	     432	    2048	     512	0.011455	0.009540	0.009819	0.006598
	     448	    2048	     512	0.011459	0.009531	0.009709	0.006470
	     464	    2048	     512	0.011454	0.009532	0.009941	0.007777
	     480	    2048	     512	0.011563	0.009632	0.010185	0.007591
	     496	    2048	     512	0.011704	0.009737	0.010083	0.006948
	     512	    2048	     512	0.011886	0.009633	0.009882	0.006801
	     768	    2048	     512	0.012337	0.009737	0.010464	0.009680
	    1024	    2048	     512	0.012354	0.009738	0.010541	0.007514
	    1536	    2048	     512	0.016983	0.012027	0.012060	0.011017
	    2048	    2048	     512	0.016944	0.011974	0.012980	0.008879
	    3072	    2048	     512	0.020388	0.020236	0.020911	0.014441
	    4096	    2048	     512	0.023302	0.019898	0.021866	0.014144
	    7168	    2048	     512	0.039551	0.030132	0.027587	0.026092
	    8192	    2048	     512	0.043543	0.033811	0.029589	0.028007
	   11264	    2048	     512	0.065685	0.064427	0.055180	0.043400
	   12280	    2048	     512	0.067332	0.065807	0.054589	0.044797
	   15360	    2048	     512	0.077119	0.067126	0.059140	0.057168
	   16384	    2048	     512	0.081054	0.067783	0.062341	0.058499
	       1	    2048	    2560	0.008918	0.010079	0.009927	0.007731
	       2	    2048	    2560	0.009569	0.008651	0.009240	0.007821
	       4	    2048	    2560	0.009894	0.008480	0.009425	0.007758
	       8	    2048	    2560	0.009901	0.008572	0.009479	0.007217
	      16	    2048	    2560	0.009821	0.008547	0.009311	0.009013
	      24	    2048	    2560	0.009741	0.008285	0.009276	0.008232
	      32	    2048	    2560	0.009732	0.008251	0.009037	0.007896
	      40	    2048	    2560	0.009775	0.008309	0.009606	0.009547
	      48	    2048	    2560	0.009756	0.008330	0.009313	0.008841
	      56	    2048	    2560	0.011439	0.015383	0.009594	0.008655
	      64	    2048	    2560	0.011419	0.015383	0.009883	0.008606
	      72	    2048	    2560	0.011515	0.009582	0.010445	0.010447
	      80	    2048	    2560	0.011509	0.009634	0.010248	0.009411
	      88	    2048	    2560	0.011535	0.009882	0.010159	0.008890
	      96	    2048	    2560	0.011540	0.009745	0.010201	0.008902
	     104	    2048	    2560	0.012001	0.009703	0.010463	0.010530
	     112	    2048	    2560	0.012021	0.009631	0.010235	0.009752
	     120	    2048	    2560	0.012021	0.009577	0.010140	0.008723
	     128	    2048	    2560	0.011997	0.009638	0.010202	0.008561
	     136	    2048	    2560	0.012146	0.009674	0.012914	0.008958
	     144	    2048	    2560	0.012220	0.009693	0.012346	0.008598
	     152	    2048	    2560	0.012232	0.009667	0.011830	0.008066
	     160	    2048	    2560	0.012240	0.009683	0.012060	0.008076
	     168	    2048	    2560	0.012221	0.009686	0.011182	0.007737
	     176	    2048	    2560	0.012242	0.009691	0.010775	0.007464
	     184	    2048	    2560	0.012231	0.009683	0.010585	0.007331
	     192	    2048	    2560	0.012241	0.009705	0.010406	0.007240
	     200	    2048	    2560	0.014946	0.012240	0.012380	0.011513
	     208	    2048	    2560	0.014959	0.011982	0.012313	0.010945
	     216	    2048	    2560	0.014983	0.011802	0.011558	0.010868
	     224	    2048	    2560	0.014994	0.011769	0.011655	0.010784
	     232	    2048	    2560	0.016394	0.011800	0.011379	0.010207
	     240	    2048	    2560	0.016190	0.011796	0.011302	0.010173
	     248	    2048	    2560	0.016321	0.011802	0.011651	0.009647
	     256	    2048	    2560	0.016364	0.011803	0.011805	0.009603
	     272	    2048	    2560	0.017350	0.011873	0.013019	0.012261
	     288	    2048	    2560	0.017211	0.011897	0.013000	0.011485
	     304	    2048	    2560	0.017104	0.011902	0.012011	0.010560
	     320	    2048	    2560	0.017061	0.011877	0.011499	0.010046
	     336	    2048	    2560	0.016965	0.011985	0.013742	0.013127
	     352	    2048	    2560	0.016967	0.011947	0.013387	0.012580
	     368	    2048	    2560	0.016967	0.011978	0.012684	0.010988
	     384	    2048	    2560	0.016979	0.012027	0.012446	0.010675
	     400	    2048	    2560	0.019512	0.018189	0.018553	0.013925
	     416	    2048	    2560	0.019610	0.017774	0.018557	0.013886
	     432	    2048	    2560	0.019603	0.017829	0.017546	0.013501
	     448	    2048	    2560	0.019659	0.017868	0.017873	0.013557
	     464	    2048	    2560	0.019736	0.017886	0.019090	0.014134
	     480	    2048	    2560	0.019838	0.017908	0.019537	0.013641
	     496	    2048	    2560	0.019785	0.017853	0.018724	0.013508
	     512	    2048	    2560	0.019727	0.017909	0.019081	0.013524
	     768	    2048	    2560	0.023136	0.017644	0.024298	0.013790
	    1024	    2048	    2560	0.029551	0.028231	0.025094	0.019279
	    1536	    2048	    2560	0.038104	0.031454	0.027448	0.024335
	    2048	    2048	    2560	0.059041	0.049413	0.051621	0.036830
	    3072	    2048	    2560	0.082711	0.063767	0.056235	0.056019
	    4096	    2048	    2560	0.119321	0.092015	0.085176	0.084832
	    7168	    2048	    2560	0.200301	0.164175	0.143969	0.127425
	    8192	    2048	    2560	0.199746	0.163046	0.143724	0.155684
	   11264	    2048	    2560	0.264039	0.229233	0.208720	0.199119
	   12280	    2048	    2560	0.318448	0.257913	0.237108	0.213352
	   15360	    2048	    2560	0.392032	0.358434	0.293280	0.281451
	   16384	    2048	    2560	0.388837	0.325723	0.300880	0.291986
	       1	    2048	    3072	0.009244	0.010204	0.009841	0.008620
	       2	    2048	    3072	0.010113	0.008798	0.009341	0.008599
	       4	    2048	    3072	0.009915	0.008545	0.009366	0.008761
	       8	    2048	    3072	0.009310	0.008459	0.008871	0.007508
	      16	    2048	    3072	0.009872	0.008473	0.009298	0.007679
	      24	    2048	    3072	0.009841	0.008441	0.009537	0.009209
	      32	    2048	    3072	0.009794	0.008429	0.009378	0.008894
	      40	    2048	    3072	0.011433	0.009557	0.010017	0.010238
	      48	    2048	    3072	0.011525	0.009612	0.010165	0.009185
	      56	    2048	    3072	0.011532	0.009713	0.010214	0.008797
	      64	    2048	    3072	0.011518	0.009793	0.010069	0.008691
	      72	    2048	    3072	0.011616	0.009700	0.013423	0.009199
	      80	    2048	    3072	0.011627	0.009659	0.011925	0.008869
	      88	    2048	    3072	0.015246	0.009616	0.011747	0.008330
	      96	    2048	    3072	0.015260	0.009667	0.011722	0.008154
	     104	    2048	    3072	0.012547	0.009638	0.010960	0.011310
	     112	    2048	    3072	0.012465	0.009649	0.010392	0.010127
	     120	    2048	    3072	0.012341	0.009670	0.010459	0.008815
	     128	    2048	    3072	0.012253	0.009669	0.010271	0.008471
	     136	    2048	    3072	0.015379	0.011862	0.013003	0.011417
	     144	    2048	    3072	0.015535	0.011871	0.011987	0.010946
	     152	    2048	    3072	0.015477	0.011892	0.011265	0.010530
	     160	    2048	    3072	0.015577	0.011855	0.012054	0.010381
	     168	    2048	    3072	0.015740	0.011864	0.012094	0.010450
	     176	    2048	    3072	0.015619	0.011882	0.011730	0.010067
	     184	    2048	    3072	0.015786	0.011885	0.011786	0.009969
	     192	    2048	    3072	0.015515	0.012183	0.011500	0.009945
	     200	    2048	    3072	0.015064	0.012113	0.013013	0.012607
	     208	    2048	    3072	0.015193	0.011927	0.012552	0.011744
	     216	    2048	    3072	0.015179	0.011918	0.012249	0.011391
	     224	    2048	    3072	0.015155	0.011922	0.012727	0.011229
	     232	    2048	    3072	0.016643	0.011921	0.012282	0.010561
	     240	    2048	    3072	0.016642	0.011940	0.011897	0.010210
	     248	    2048	    3072	0.016731	0.011958	0.011748	0.009743
	     256	    2048	    3072	0.016825	0.011967	0.011685	0.009650
	     272	    2048	    3072	0.017068	0.012063	0.013840	0.014041
	     288	    2048	    3072	0.017057	0.012098	0.013305	0.012919
	     304	    2048	    3072	0.017064	0.012057	0.012512	0.011016
	     320	    2048	    3072	0.017064	0.012085	0.012202	0.010526
	     336	    2048	    3072	0.019723	0.017893	0.019309	0.013989
	     352	    2048	    3072	0.019708	0.017934	0.018583	0.013591
	     368	    2048	    3072	0.019741	0.018340	0.018479	0.013416
	     384	    2048	    3072	0.019735	0.017874	0.018212	0.013132
	     400	    2048	    3072	0.019836	0.018085	0.020499	0.014873
	     416	    2048	    3072	0.020033	0.018064	0.021343	0.014795
	     432	    2048	    3072	0.019976	0.018230	0.018617	0.014565
	     448	    2048	    3072	0.020104	0.018147	0.019843	0.013939
	     464	    2048	    3072	0.019883	0.018006	0.023994	0.014904
	     480	    2048	    3072	0.020317	0.018379	0.021926	0.013640
	     496	    2048	    3072	0.020734	0.018517	0.021627	0.013358
	     512	    2048	    3072	0.020851	0.018933	0.020684	0.013040
	     768	    2048	    3072	0.029344	0.027831	0.024620	0.018454
	    1024	    2048	    3072	0.031337	0.029572	0.025579	0.020711
	    1536	    2048	    3072	0.054390	0.050035	0.044304	0.039695
	    2048	    2048	    3072	0.069204	0.054590	0.056337	0.039721
	    3072	    2048	    3072	0.107893	0.090858	0.084197	0.073226
	    4096	    2048	    3072	0.126284	0.099905	0.089432	0.087497
	    7168	    2048	    3072	0.243944	0.199459	0.173289	0.159654
	    8192	    2048	    3072	0.248101	0.197629	0.174092	0.178633
	   11264	    2048	    3072	0.316292	0.279644	0.268456	0.242639
	   12280	    2048	    3072	0.358857	0.290885	0.261102	0.256450
	   15360	    2048	    3072	0.414049	0.364916	0.327024	0.376877
	   16384	    2048	    3072	0.459659	0.409358	0.360565	0.351767
	       1	    2048	   37984	0.065983	0.066566	0.061574	0.055855
	       2	    2048	   37984	0.059150	0.058917	0.061578	0.055243
	       4	    2048	   37984	0.057749	0.057454	0.061149	0.055122
	       8	    2048	   37984	0.058136	0.057154	0.061212	0.053963
	      16	    2048	   37984	0.058192	0.057603	0.064877	0.056907
	      24	    2048	   37984	0.059203	0.059015	0.058704	0.054069
	      32	    2048	   37984	0.059743	0.059662	0.062285	0.054410
	      40	    2048	   37984	0.060092	0.059946	0.060693	0.055023
	      48	    2048	   37984	0.060150	0.060245	0.061362	0.055223
	      56	    2048	   37984	0.060864	0.060190	0.061567	0.055516
	      64	    2048	   37984	0.061302	0.060719	0.062336	0.055755
	      72	    2048	   37984	0.071812	0.070197	0.073057	0.062796
	      80	    2048	   37984	0.072844	0.070750	0.072933	0.059297
	      88	    2048	   37984	0.072742	0.071091	0.073402	0.058198
	      96	    2048	   37984	0.073243	0.071576	0.073337	0.058872
	     104	    2048	   37984	0.076437	0.072075	0.077561	0.059342
	     112	    2048	   37984	0.074858	0.072023	0.071854	0.059875
	     120	    2048	   37984	0.074184	0.072894	0.071919	0.059946
	     128	    2048	   37984	0.074425	0.072795	0.071313	0.060198
	     136	    2048	   37984	0.102349	0.099212	0.098596	0.101314
	     144	    2048	   37984	0.103829	0.099407	0.096695	0.098002
	     152	    2048	   37984	0.102783	0.100753	0.096190	0.094788
	     160	    2048	   37984	0.104419	0.104876	0.095519	0.093558
	     168	    2048	   37984	0.103545	0.097516	0.094324	0.085938
	     176	    2048	   37984	0.104626	0.099523	0.094788	0.081920
	     184	    2048	   37984	0.111866	0.099516	0.099180	0.083011
	     192	    2048	   37984	0.107792	0.101804	0.095552	0.082625
	     200	    2048	   37984	0.120478	0.102559	0.094544	0.095507
	     208	    2048	   37984	0.118556	0.100179	0.093672	0.094915
	     216	    2048	   37984	0.120197	0.100167	0.095087	0.093816
	     224	    2048	   37984	0.125830	0.105929	0.096456	0.092981
	     232	    2048	   37984	0.122667	0.100883	0.091894	0.089551
	     240	    2048	   37984	0.121446	0.101259	0.095926	0.090991
	     248	    2048	   37984	0.117577	0.102537	0.100518	0.091577
	     256	    2048	   37984	0.117606	0.103427	0.097635	0.091545
	     272	    2048	   37984	0.149178	0.140828	0.124303	0.143809
	     288	    2048	   37984	0.149397	0.136028	0.128593	0.139770
	     304	    2048	   37984	0.170240	0.146883	0.131064	0.129205
	     320	    2048	   37984	0.154413	0.140111	0.126139	0.130547
	     336	    2048	   37984	0.164252	0.138031	0.118231	0.128709
	     352	    2048	   37984	0.162142	0.139434	0.126030	0.135085
	     368	    2048	   37984	0.161885	0.144574	0.127435	0.122588
	     384	    2048	   37984	0.171409	0.140947	0.130065	0.124653
	     400	    2048	   37984	0.207568	0.175791	0.158721	0.164175
	     416	    2048	   37984	0.200397	0.170168	0.161151	0.161925
	     432	    2048	   37984	0.202338	0.188774	0.161400	0.160047
	     448	    2048	   37984	0.207162	0.175880	0.160145	0.166850
	     464	    2048	   37984	0.206546	0.174302	0.158206	0.149064
	     480	    2048	   37984	0.205910	0.172221	0.158606	0.151100
	     496	    2048	   37984	0.223129	0.186301	0.160669	0.146061
	     512	    2048	   37984	0.209010	0.175374	0.157776	0.153829
	     768	    2048	   37984	0.294053	0.244978	0.217183	0.208839
	    1024	    2048	   37984	0.368680	0.316717	0.287741	0.274745
	    1536	    2048	   37984	0.569544	0.541239	0.453918	0.407031
	    2048	    2048	   37984	0.758368	0.606234	0.566122	0.527911
	    3072	    2048	   37984	1.105487	0.984767	0.873660	0.899498
	    4096	    2048	   37984	1.404599	1.280552	1.143003	1.085308
	    7168	    2048	   37984	2.485636	2.238354	2.126857	1.879336
	    8192	    2048	   37984	2.842995	2.429505	2.229492	2.096417
	   11264	    2048	   37984	4.231146	3.633721	3.554362	2.907698
	   12280	    2048	   37984	4.272845	3.645784	3.388895	3.142636
	   15360	    2048	   37984	5.478994	4.575555	4.130857	4.074396
	   16384	    2048	   37984	5.582701	5.660132	4.575319	4.172534
	     384	     384	     384	0.004940	0.005146	0.005887	0.003561
	    4096	    4096	    4096	0.287617	0.241041	0.213372	0.224961
	    1024	    1024	    1024	0.010940	0.008561	0.009050	0.005766
	    2048	    2048	    2048	0.039748	0.030533	0.027754	0.027447
	    4096	    4096	    4096	0.314891	0.244640	0.220392	0.248027
