#   M	    K	    N	     v33
    1	    4	 2048	0.006908
    2	    4	 2048	0.007242
    4	    4	 2048	0.007238
    8	    4	 2048	0.007229
   16	    4	 2048	0.007211
   24	    4	 2048	0.007384
   32	    4	 2048	0.007395
   40	    4	 2048	0.007307
   48	    4	 2048	0.007152
   56	    4	 2048	0.007328
   64	    4	 2048	0.007315
   72	    4	 2048	0.007294
   80	    4	 2048	0.007148
   88	    4	 2048	0.007301
   96	    4	 2048	0.007330
  104	    4	 2048	0.007348
  112	    4	 2048	0.007183
  120	    4	 2048	0.007394
  128	    4	 2048	0.007383
  136	    4	 2048	0.007292
  144	    4	 2048	0.007313
  152	    4	 2048	0.007316
  160	    4	 2048	0.007328
  168	    4	 2048	0.007455
  176	    4	 2048	0.007477
  184	    4	 2048	0.007491
  192	    4	 2048	0.007348
  200	    4	 2048	0.007325
  208	    4	 2048	0.007461
  216	    4	 2048	0.007308
  224	    4	 2048	0.007452
  232	    4	 2048	0.007484
  240	    4	 2048	0.007304
  248	    4	 2048	0.007456
  256	    4	 2048	0.007492
  272	    4	 2048	0.007469
  288	    4	 2048	0.007477
  304	    4	 2048	0.007460
  320	    4	 2048	0.007480
  336	    4	 2048	0.007484
  352	    4	 2048	0.007502
  368	    4	 2048	0.007626
  384	    4	 2048	0.007506
  400	    4	 2048	0.007589
  416	    4	 2048	0.007603
  432	    4	 2048	0.007647
  448	    4	 2048	0.007515
  464	    4	 2048	0.007554
  480	    4	 2048	0.007573
  496	    4	 2048	0.007569
  512	    4	 2048	0.007767
  768	    4	 2048	0.008050
 1024	    4	 2048	0.008572
 1536	    4	 2048	0.011217
 2048	    4	 2048	0.011862
 3072	    4	 2048	0.014643
 4096	    4	 2048	0.017427
 7168	    4	 2048	0.025694
 8192	    4	 2048	0.028404
11264	    4	 2048	0.036159
12288	    4	 2048	0.039055
15360	    4	 2048	0.046792
16384	    4	 2048	0.049643
    1	  128	 2048	0.007441
    2	  128	 2048	0.008096
    4	  128	 2048	0.007926
    8	  128	 2048	0.008100
   16	  128	 2048	0.007943
   24	  128	 2048	0.008117
   32	  128	 2048	0.007992
   40	  128	 2048	0.008207
   48	  128	 2048	0.008401
   56	  128	 2048	0.008470
   64	  128	 2048	0.008480
   72	  128	 2048	0.008199
   80	  128	 2048	0.008211
   88	  128	 2048	0.008232
   96	  128	 2048	0.008058
  104	  128	 2048	0.008065
  112	  128	 2048	0.008224
  120	  128	 2048	0.008234
  128	  128	 2048	0.008091
  136	  128	 2048	0.008282
  144	  128	 2048	0.008178
  152	  128	 2048	0.008316
  160	  128	 2048	0.008184
  168	  128	 2048	0.008168
  176	  128	 2048	0.008339
  184	  128	 2048	0.008551
  192	  128	 2048	0.008425
  200	  128	 2048	0.008730
  208	  128	 2048	0.008492
  216	  128	 2048	0.008753
  224	  128	 2048	0.008492
  232	  128	 2048	0.008503
  240	  128	 2048	0.008377
  248	  128	 2048	0.008343
  256	  128	 2048	0.008390
  272	  128	 2048	0.008636
  288	  128	 2048	0.008683
  304	  128	 2048	0.008704
  320	  128	 2048	0.008563
  336	  128	 2048	0.008546
  352	  128	 2048	0.008694
  368	  128	 2048	0.008730
  384	  128	 2048	0.008586
  400	  128	 2048	0.008731
  416	  128	 2048	0.008599
  432	  128	 2048	0.008775
  448	  128	 2048	0.008741
  464	  128	 2048	0.008714
  480	  128	 2048	0.008684
  496	  128	 2048	0.008761
  512	  128	 2048	0.008897
  768	  128	 2048	0.009772
 1024	  128	 2048	0.010112
 1536	  128	 2048	0.010904
 2048	  128	 2048	0.011654
 3072	  128	 2048	0.016588
 4096	  128	 2048	0.017589
 7168	  128	 2048	0.026789
 8192	  128	 2048	0.028474
11264	  128	 2048	0.036884
12280	  128	 2048	0.039125
15360	  128	 2048	0.047037
16384	  128	 2048	0.050384
    1	 1024	 2048	0.012294
    2	 1024	 2048	0.012118
    4	 1024	 2048	0.012017
    8	 1024	 2048	0.012008
   16	 1024	 2048	0.012091
   24	 1024	 2048	0.012050
   32	 1024	 2048	0.012078
   40	 1024	 2048	0.012090
   48	 1024	 2048	0.011945
   56	 1024	 2048	0.012185
   64	 1024	 2048	0.012131
   72	 1024	 2048	0.012513
   80	 1024	 2048	0.012518
   88	 1024	 2048	0.012718
   96	 1024	 2048	0.012528
  104	 1024	 2048	0.013233
  112	 1024	 2048	0.013135
  120	 1024	 2048	0.013082
  128	 1024	 2048	0.012991
  136	 1024	 2048	0.013149
  144	 1024	 2048	0.013107
  152	 1024	 2048	0.013105
  160	 1024	 2048	0.012946
  168	 1024	 2048	0.012937
  176	 1024	 2048	0.012947
  184	 1024	 2048	0.013154
  192	 1024	 2048	0.012994
  200	 1024	 2048	0.013057
  208	 1024	 2048	0.013021
  216	 1024	 2048	0.013015
  224	 1024	 2048	0.013190
  232	 1024	 2048	0.013513
  240	 1024	 2048	0.013499
  248	 1024	 2048	0.013379
  256	 1024	 2048	0.013383
  272	 1024	 2048	0.014263
  288	 1024	 2048	0.014210
  304	 1024	 2048	0.014233
  320	 1024	 2048	0.014048
  336	 1024	 2048	0.014254
  352	 1024	 2048	0.014083
  368	 1024	 2048	0.014578
  384	 1024	 2048	0.014539
  400	 1024	 2048	0.014311
  416	 1024	 2048	0.014156
  432	 1024	 2048	0.014207
  448	 1024	 2048	0.014308
  464	 1024	 2048	0.014294
  480	 1024	 2048	0.014493
  496	 1024	 2048	0.015066
  512	 1024	 2048	0.015099
  768	 1024	 2048	0.018027
 1024	 1024	 2048	0.019036
 1536	 1024	 2048	0.026771
 2048	 1024	 2048	0.025286
 3072	 1024	 2048	0.047956
 4096	 1024	 2048	0.054911
 7168	 1024	 2048	0.082444
 8192	 1024	 2048	0.084753
11264	 1024	 2048	0.121993
12280	 1024	 2048	0.126133
15360	 1024	 2048	0.160152
16384	 1024	 2048	0.164878
    1	 2048	    1	0.011001
    2	 2048	    1	0.012057
    4	 2048	    1	0.011988
    8	 2048	    1	0.012057
   16	 2048	    1	0.012178
   24	 2048	    1	0.012004
   32	 2048	    1	0.012272
   40	 2048	    1	0.012207
   48	 2048	    1	0.012193
   56	 2048	    1	0.012144
   64	 2048	    1	0.012303
   72	 2048	    1	0.012338
   80	 2048	    1	0.012282
   88	 2048	    1	0.012178
   96	 2048	    1	0.012443
  104	 2048	    1	0.012395
  112	 2048	    1	0.012399
  120	 2048	    1	0.012326
  128	 2048	    1	0.012482
  136	 2048	    1	0.012526
  144	 2048	    1	0.012758
  152	 2048	    1	0.012510
  160	 2048	    1	0.012356
  168	 2048	    1	0.012584
  176	 2048	    1	0.012614
  184	 2048	    1	0.012573
  192	 2048	    1	0.012411
  200	 2048	    1	0.012788
  208	 2048	    1	0.012804
  216	 2048	    1	0.013155
  224	 2048	    1	0.013037
  232	 2048	    1	0.013308
  240	 2048	    1	0.013449
  248	 2048	    1	0.013439
  256	 2048	    1	0.013404
  272	 2048	    1	0.013369
  288	 2048	    1	0.013347
  304	 2048	    1	0.013427
  320	 2048	    1	0.013441
  336	 2048	    1	0.013551
  352	 2048	    1	0.013436
  368	 2048	    1	0.013607
  384	 2048	    1	0.013657
  400	 2048	    1	0.013794
  416	 2048	    1	0.013508
  432	 2048	    1	0.013676
  448	 2048	    1	0.013680
  464	 2048	    1	0.013981
  480	 2048	    1	0.013877
  496	 2048	    1	0.014359
  512	 2048	    1	0.014180
  768	 2048	    1	0.014852
 1024	 2048	    1	0.016288
 1536	 2048	    1	0.018034
 2048	 2048	    1	0.019002
 3072	 2048	    1	0.022618
 4096	 2048	    1	0.026051
 7168	 2048	    1	0.033913
 8192	 2048	    1	0.034748
11264	 2048	    1	0.048057
12280	 2048	    1	0.052851
15360	 2048	    1	0.060853
16384	 2048	    1	0.062880
    1	 2048	   16	0.014422
    2	 2048	   16	0.015364
    4	 2048	   16	0.015471
    8	 2048	   16	0.015476
   16	 2048	   16	0.015488
   24	 2048	   16	0.015525
   32	 2048	   16	0.015492
   40	 2048	   16	0.015451
   48	 2048	   16	0.015531
   56	 2048	   16	0.015307
   64	 2048	   16	0.015287
   72	 2048	   16	0.015453
   80	 2048	   16	0.015474
   88	 2048	   16	0.015334
   96	 2048	   16	0.015510
  104	 2048	   16	0.015426
  112	 2048	   16	0.015586
  120	 2048	   16	0.015616
  128	 2048	   16	0.015794
  136	 2048	   16	0.015990
  144	 2048	   16	0.015973
  152	 2048	   16	0.015436
  160	 2048	   16	0.015430
  168	 2048	   16	0.015575
  176	 2048	   16	0.015589
  184	 2048	   16	0.015429
  192	 2048	   16	0.015613
  200	 2048	   16	0.015664
  208	 2048	   16	0.015638
  216	 2048	   16	0.015570
  224	 2048	   16	0.015709
  232	 2048	   16	0.015693
  240	 2048	   16	0.015859
  248	 2048	   16	0.015854
  256	 2048	   16	0.016043
  272	 2048	   16	0.016109
  288	 2048	   16	0.016245
  304	 2048	   16	0.016137
  320	 2048	   16	0.016155
  336	 2048	   16	0.016376
  352	 2048	   16	0.016412
  368	 2048	   16	0.016484
  384	 2048	   16	0.016481
  400	 2048	   16	0.016394
  416	 2048	   16	0.016421
  432	 2048	   16	0.016625
  448	 2048	   16	0.016450
  464	 2048	   16	0.016646
  480	 2048	   16	0.016677
  496	 2048	   16	0.016745
  512	 2048	   16	0.016795
  768	 2048	   16	0.017129
 1024	 2048	   16	0.018047
 1536	 2048	   16	0.018671
 2048	 2048	   16	0.019606
 3072	 2048	   16	0.019865
 4096	 2048	   16	0.021426
 7168	 2048	   16	0.028492
 8192	 2048	   16	0.030353
11264	 2048	   16	0.038270
12280	 2048	   16	0.039694
15360	 2048	   16	0.046256
16384	 2048	   16	0.048887
    1	 2048	  512	0.013493
    2	 2048	  512	0.014516
    4	 2048	  512	0.014625
    8	 2048	  512	0.014727
   16	 2048	  512	0.014638
   24	 2048	  512	0.014684
   32	 2048	  512	0.014712
   40	 2048	  512	0.014627
   48	 2048	  512	0.014398
   56	 2048	  512	0.014450
   64	 2048	  512	0.014600
   72	 2048	  512	0.014610
   80	 2048	  512	0.014613
   88	 2048	  512	0.014494
   96	 2048	  512	0.014638
  104	 2048	  512	0.014646
  112	 2048	  512	0.014617
  120	 2048	  512	0.014681
  128	 2048	  512	0.014651
  136	 2048	  512	0.014542
  144	 2048	  512	0.014521
  152	 2048	  512	0.014563
  160	 2048	  512	0.014646
  168	 2048	  512	0.014701
  176	 2048	  512	0.014674
  184	 2048	  512	0.014564
  192	 2048	  512	0.014686
  200	 2048	  512	0.014610
  208	 2048	  512	0.015308
  216	 2048	  512	0.014785
  224	 2048	  512	0.014596
  232	 2048	  512	0.014907
  240	 2048	  512	0.014742
  248	 2048	  512	0.014737
  256	 2048	  512	0.014711
  272	 2048	  512	0.015759
  288	 2048	  512	0.015870
  304	 2048	  512	0.015763
  320	 2048	  512	0.015812
  336	 2048	  512	0.015805
  352	 2048	  512	0.016070
  368	 2048	  512	0.015881
  384	 2048	  512	0.015988
  400	 2048	  512	0.015943
  416	 2048	  512	0.016101
  432	 2048	  512	0.015993
  448	 2048	  512	0.016038
  464	 2048	  512	0.016215
  480	 2048	  512	0.016280
  496	 2048	  512	0.016340
  512	 2048	  512	0.016384
  768	 2048	  512	0.017158
 1024	 2048	  512	0.017449
 1536	 2048	  512	0.020089
 2048	 2048	  512	0.020572
 3072	 2048	  512	0.025544
 4096	 2048	  512	0.028616
 7168	 2048	  512	0.042247
 8192	 2048	  512	0.043618
11264	 2048	  512	0.065913
12280	 2048	  512	0.067532
15360	 2048	  512	0.081419
16384	 2048	  512	0.081517
    1	 2048	 2560	0.015393
    2	 2048	 2560	0.015955
    4	 2048	 2560	0.015848
    8	 2048	 2560	0.015909
   16	 2048	 2560	0.015775
   24	 2048	 2560	0.015977
   32	 2048	 2560	0.015782
   40	 2048	 2560	0.015897
   48	 2048	 2560	0.015971
   56	 2048	 2560	0.016984
   64	 2048	 2560	0.016895
   72	 2048	 2560	0.017030
   80	 2048	 2560	0.016768
   88	 2048	 2560	0.017364
   96	 2048	 2560	0.017214
  104	 2048	 2560	0.018105
  112	 2048	 2560	0.018007
  120	 2048	 2560	0.018119
  128	 2048	 2560	0.018074
  136	 2048	 2560	0.018046
  144	 2048	 2560	0.017911
  152	 2048	 2560	0.018161
  160	 2048	 2560	0.018122
  168	 2048	 2560	0.018285
  176	 2048	 2560	0.017972
  184	 2048	 2560	0.018207
  192	 2048	 2560	0.018131
  200	 2048	 2560	0.020961
  208	 2048	 2560	0.020925
  216	 2048	 2560	0.021080
  224	 2048	 2560	0.021043
  232	 2048	 2560	0.021096
  240	 2048	 2560	0.020024
  248	 2048	 2560	0.020965
  256	 2048	 2560	0.020121
  272	 2048	 2560	0.020179
  288	 2048	 2560	0.020082
  304	 2048	 2560	0.020069
  320	 2048	 2560	0.020221
  336	 2048	 2560	0.020355
  352	 2048	 2560	0.020330
  368	 2048	 2560	0.020516
  384	 2048	 2560	0.020394
  400	 2048	 2560	0.024227
  416	 2048	 2560	0.024465
  432	 2048	 2560	0.024244
  448	 2048	 2560	0.024380
  464	 2048	 2560	0.024353
  480	 2048	 2560	0.024452
  496	 2048	 2560	0.024571
  512	 2048	 2560	0.024492
  768	 2048	 2560	0.027998
 1024	 2048	 2560	0.034275
 1536	 2048	 2560	0.041539
 2048	 2048	 2560	0.062866
 3072	 2048	 2560	0.078933
 4096	 2048	 2560	0.114828
 7168	 2048	 2560	0.186155
 8192	 2048	 2560	0.192066
11264	 2048	 2560	0.273528
12280	 2048	 2560	0.308445
15360	 2048	 2560	0.374827
16384	 2048	 2560	0.377675
    1	 2048	 3072	0.015587
    2	 2048	 3072	0.016130
    4	 2048	 3072	0.016366
    8	 2048	 3072	0.016034
   16	 2048	 3072	0.016246
   24	 2048	 3072	0.016248
   32	 2048	 3072	0.016384
   40	 2048	 3072	0.017135
   48	 2048	 3072	0.017127
   56	 2048	 3072	0.017011
   64	 2048	 3072	0.017434
   72	 2048	 3072	0.017289
   80	 2048	 3072	0.017538
   88	 2048	 3072	0.020585
   96	 2048	 3072	0.020727
  104	 2048	 3072	0.018251
  112	 2048	 3072	0.018414
  120	 2048	 3072	0.018261
  128	 2048	 3072	0.018352
  136	 2048	 3072	0.020435
  144	 2048	 3072	0.020281
  152	 2048	 3072	0.020678
  160	 2048	 3072	0.020266
  168	 2048	 3072	0.020685
  176	 2048	 3072	0.020242
  184	 2048	 3072	0.020565
  192	 2048	 3072	0.020307
  200	 2048	 3072	0.021176
  208	 2048	 3072	0.021382
  216	 2048	 3072	0.021365
  224	 2048	 3072	0.021370
  232	 2048	 3072	0.021532
  240	 2048	 3072	0.020331
  248	 2048	 3072	0.021583
  256	 2048	 3072	0.020595
  272	 2048	 3072	0.020438
  288	 2048	 3072	0.020543
  304	 2048	 3072	0.020439
  320	 2048	 3072	0.020585
  336	 2048	 3072	0.024662
  352	 2048	 3072	0.024547
  368	 2048	 3072	0.024383
  384	 2048	 3072	0.024562
  400	 2048	 3072	0.024710
  416	 2048	 3072	0.024861
  432	 2048	 3072	0.024592
  448	 2048	 3072	0.024748
  464	 2048	 3072	0.024873
  480	 2048	 3072	0.025019
  496	 2048	 3072	0.024839
  512	 2048	 3072	0.025080
  768	 2048	 3072	0.034141
 1024	 2048	 3072	0.034518
 1536	 2048	 3072	0.060711
 2048	 2048	 3072	0.069975
 3072	 2048	 3072	0.105782
 4096	 2048	 3072	0.118327
 7168	 2048	 3072	0.221067
 8192	 2048	 3072	0.227980
11264	 2048	 3072	0.304417
12280	 2048	 3072	0.356747
15360	 2048	 3072	0.440578
16384	 2048	 3072	0.510829
    1	 2048	37984	0.076108
    2	 2048	37984	0.071866
    4	 2048	37984	0.070799
    8	 2048	37984	0.070498
   16	 2048	37984	0.070789
   24	 2048	37984	0.071759
   32	 2048	37984	0.071778
   40	 2048	37984	0.071741
   48	 2048	37984	0.071999
   56	 2048	37984	0.072190
   64	 2048	37984	0.072228
   72	 2048	37984	0.081914
   80	 2048	37984	0.082019
   88	 2048	37984	0.082275
   96	 2048	37984	0.082466
  104	 2048	37984	0.082564
  112	 2048	37984	0.082694
  120	 2048	37984	0.082930
  128	 2048	37984	0.083490
  136	 2048	37984	0.108699
  144	 2048	37984	0.109058
  152	 2048	37984	0.108818
  160	 2048	37984	0.109353
  168	 2048	37984	0.109275
  176	 2048	37984	0.109443
  184	 2048	37984	0.109486
  192	 2048	37984	0.109168
  200	 2048	37984	0.119393
  208	 2048	37984	0.119565
  216	 2048	37984	0.119842
  224	 2048	37984	0.119788
  232	 2048	37984	0.120054
  240	 2048	37984	0.120058
  248	 2048	37984	0.120545
  256	 2048	37984	0.120438
  272	 2048	37984	0.148934
  288	 2048	37984	0.148691
  304	 2048	37984	0.149382
  320	 2048	37984	0.149497
  336	 2048	37984	0.155861
  352	 2048	37984	0.155790
  368	 2048	37984	0.156995
  384	 2048	37984	0.156744
  400	 2048	37984	0.190773
  416	 2048	37984	0.192534
  432	 2048	37984	0.193410
  448	 2048	37984	0.191992
  464	 2048	37984	0.197552
  480	 2048	37984	0.196892
  496	 2048	37984	0.199048
  512	 2048	37984	0.196281
  768	 2048	37984	0.277443
 1024	 2048	37984	0.375866
 1536	 2048	37984	0.571479
 2048	 2048	37984	0.733646
 3072	 2048	37984	1.082187
 4096	 2048	37984	1.454203
 7168	 2048	37984	2.630174
 8192	 2048	37984	2.909459
11264	 2048	37984	4.035876
12280	 2048	37984	4.603387
15360	 2048	37984	5.707712
16384	 2048	37984	5.812578
  384	  384	  384	0.009810
 4096	 4096	 4096	0.283569
 1024	 1024	 1024	0.015367
 2048	 2048	 2048	0.041851
 4096	 4096	 4096	0.282190
