#	       M	       K	       N	     v33	  no_tma	 dev_tma	host_tma
	       1	       4	    2048	0.006908	0.006801	0.009370	     nan
	       2	       4	    2048	0.007242	0.007105	0.009434	     nan
	       4	       4	    2048	0.007238	0.007154	0.009289	     nan
	       8	       4	    2048	0.007229	0.006981	0.009437	     nan
	      16	       4	    2048	0.007211	0.007042	0.009521	     nan
	      24	       4	    2048	0.007384	0.007100	0.009459	     nan
	      32	       4	    2048	0.007395	0.007119	0.009377	     nan
	      40	       4	    2048	0.007307	0.007065	0.009552	     nan
	      48	       4	    2048	0.007152	0.007247	0.009447	     nan
	      56	       4	    2048	0.007328	0.007199	0.009454	     nan
	      64	       4	    2048	0.007315	0.007073	0.009470	     nan
	      72	       4	    2048	0.007294	0.007286	0.009638	     nan
	      80	       4	    2048	0.007148	0.007225	0.009587	     nan
	      88	       4	    2048	0.007301	0.007187	0.009507	     nan
	      96	       4	    2048	0.007330	0.007198	0.009510	     nan
	     104	       4	    2048	0.007348	0.007193	0.009548	     nan
	     112	       4	    2048	0.007183	0.007353	0.009659	     nan
	     120	       4	    2048	0.007394	0.007446	0.009726	     nan
	     128	       4	    2048	0.007383	0.007306	0.009726	     nan
	     136	       4	    2048	0.007292	0.007475	0.009538	     nan
	     144	       4	    2048	0.007313	0.007281	0.009762	     nan
	     152	       4	    2048	0.007316	0.007428	0.009492	     nan
	     160	       4	    2048	0.007328	0.007280	0.009569	     nan
	     168	       4	    2048	0.007455	0.007544	0.009490	     nan
	     176	       4	    2048	0.007477	0.007502	0.009626	     nan
	     184	       4	    2048	0.007491	0.007364	0.009555	     nan
	     192	       4	    2048	0.007348	0.007357	0.009538	     nan
	     200	       4	    2048	0.007325	0.007367	0.009755	     nan
	     208	       4	    2048	0.007461	0.007350	0.009811	     nan
	     216	       4	    2048	0.007308	0.007390	0.009898	     nan
	     224	       4	    2048	0.007452	0.007536	0.009808	     nan
	     232	       4	    2048	0.007484	0.007556	0.009627	     nan
	     240	       4	    2048	0.007304	0.007537	0.009670	     nan
	     248	       4	    2048	0.007456	0.007394	0.009909	     nan
	     256	       4	    2048	0.007492	0.007377	0.009706	     nan
	     272	       4	    2048	0.007469	0.007585	0.009956	     nan
	     288	       4	    2048	0.007477	0.007609	0.009986	     nan
	     304	       4	    2048	0.007460	0.007555	0.010138	     nan
	     320	       4	    2048	0.007480	0.007554	0.009884	     nan
	     336	       4	    2048	0.007484	0.007499	0.010352	     nan
	     352	       4	    2048	0.007502	0.007643	0.010281	     nan
	     368	       4	    2048	0.007626	0.007608	0.010272	     nan
	     384	       4	    2048	0.007506	0.007767	0.010249	     nan
	     400	       4	    2048	0.007589	0.007556	0.010453	     nan
	     416	       4	    2048	0.007603	0.007709	0.010426	     nan
	     432	       4	    2048	0.007647	0.007556	0.010488	     nan
	     448	       4	    2048	0.007515	0.007712	0.010352	     nan
	     464	       4	    2048	0.007554	0.007633	0.010433	     nan
	     480	       4	    2048	0.007573	0.007628	0.010650	     nan
	     496	       4	    2048	0.007569	0.007782	0.010752	     nan
	     512	       4	    2048	0.007767	0.007786	0.010704	     nan
	     768	       4	    2048	0.008050	0.008004	0.012018	     nan
	    1024	       4	    2048	0.008572	0.008521	0.012546	     nan
	    1536	       4	    2048	0.011217	0.010694	0.013117	     nan
	    2048	       4	    2048	0.011862	0.011735	0.014183	     nan
	    3072	       4	    2048	0.014643	0.014290	0.020618	     nan
	    4096	       4	    2048	0.017427	0.017122	0.022439	     nan
	    7168	       4	    2048	0.025694	0.025123	0.034722	     nan
	    8192	       4	    2048	0.028404	0.027732	0.037042	     nan
	   11264	       4	    2048	0.036159	0.035203	0.048738	     nan
	   12288	       4	    2048	0.039055	0.037631	0.050524	     nan
	   15360	       4	    2048	0.046792	0.045547	0.061214	     nan
	   16384	       4	    2048	0.049643	0.047732	0.066900	     nan
	       1	     128	    2048	0.007441	0.007614	0.009675	0.031097
	       2	     128	    2048	0.008096	0.007856	0.009877	0.030331
	       4	     128	    2048	0.007926	0.007856	0.009821	0.031154
	       8	     128	    2048	0.008100	0.007858	0.009890	0.029819
	      16	     128	    2048	0.007943	0.007868	0.009976	0.030770
	      24	     128	    2048	0.008117	0.007863	0.009952	0.030018
	      32	     128	    2048	0.007992	0.008042	0.009730	0.030020
	      40	     128	    2048	0.008207	0.008031	0.009874	0.030482
	      48	     128	    2048	0.008401	0.008207	0.009752	0.029449
	      56	     128	    2048	0.008470	0.008081	0.009857	0.029410
	      64	     128	    2048	0.008480	0.008166	0.009890	0.029879
	      72	     128	    2048	0.008199	0.008294	0.010042	0.029585
	      80	     128	    2048	0.008211	0.008309	0.009851	0.030871
	      88	     128	    2048	0.008232	0.008129	0.009865	0.030412
	      96	     128	    2048	0.008058	0.008398	0.009914	0.030340
	     104	     128	    2048	0.008065	0.008130	0.009978	0.030737
	     112	     128	    2048	0.008224	0.008533	0.009942	0.030697
	     120	     128	    2048	0.008234	0.008282	0.010063	0.030992
	     128	     128	    2048	0.008091	0.008397	0.009915	0.030207
	     136	     128	    2048	0.008282	0.008126	0.009968	0.030269
	     144	     128	    2048	0.008178	0.008185	0.010003	0.029745
	     152	     128	    2048	0.008316	0.008299	0.009885	0.029498
	     160	     128	    2048	0.008184	0.008188	0.009803	0.030393
	     168	     128	    2048	0.008168	0.008280	0.009876	0.029624
	     176	     128	    2048	0.008339	0.008480	0.010008	0.029839
	     184	     128	    2048	0.008551	0.008663	0.009996	0.030374
	     192	     128	    2048	0.008425	0.008463	0.009982	0.030656
	     200	     128	    2048	0.008730	0.008370	0.010000	0.030600
	     208	     128	    2048	0.008492	0.008625	0.009898	0.029720
	     216	     128	    2048	0.008753	0.008148	0.010013	0.029509
	     224	     128	    2048	0.008492	0.008217	0.009970	0.029587
	     232	     128	    2048	0.008503	0.008317	0.010010	0.029762
	     240	     128	    2048	0.008377	0.008210	0.010024	0.031085
	     248	     128	    2048	0.008343	0.008308	0.010046	0.030921
	     256	     128	    2048	0.008390	0.008373	0.010005	0.030538
	     272	     128	    2048	0.008636	0.008877	0.010044	0.031473
	     288	     128	    2048	0.008683	0.008746	0.010229	0.031744
	     304	     128	    2048	0.008704	0.008813	0.010097	0.031662
	     320	     128	    2048	0.008563	0.008974	0.009901	0.031135
	     336	     128	    2048	0.008546	0.008741	0.010036	0.031171
	     352	     128	    2048	0.008694	0.008940	0.010059	0.030981
	     368	     128	    2048	0.008730	0.008837	0.009890	0.030988
	     384	     128	    2048	0.008586	0.008849	0.009904	0.031396
	     400	     128	    2048	0.008731	0.008882	0.009877	0.031635
	     416	     128	    2048	0.008599	0.008760	0.009913	0.029879
	     432	     128	    2048	0.008775	0.008991	0.010067	0.030252
	     448	     128	    2048	0.008741	0.008966	0.010086	0.030569
	     464	     128	    2048	0.008714	0.008741	0.009945	0.030104
	     480	     128	    2048	0.008684	0.008788	0.009948	0.030403
	     496	     128	    2048	0.008761	0.008936	0.009972	0.031481
	     512	     128	    2048	0.008897	0.008775	0.010107	0.031894
	     768	     128	    2048	0.009772	0.009372	0.010891	0.031143
	    1024	     128	    2048	0.010112	0.009756	0.011022	0.030809
	    1536	     128	    2048	0.010904	0.010492	0.012780	0.032114
	    2048	     128	    2048	0.011654	0.011264	0.013212	0.031150
	    3072	     128	    2048	0.016588	0.014991	0.018864	0.030713
	    4096	     128	    2048	0.017589	0.016928	0.020536	0.031234
	    7168	     128	    2048	0.026789	0.025235	0.033223	0.032292
	    8192	     128	    2048	0.028474	0.027338	0.034100	0.035203
	   11264	     128	    2048	0.036884	0.035379	0.046925	0.036123
	   12280	     128	    2048	0.039125	0.037717	0.047818	0.034969
	   15360	     128	    2048	0.047037	0.045395	0.060642	0.036435
	   16384	     128	    2048	0.050384	0.048649	0.062143	0.037875
	       1	    1024	    2048	0.012294	0.012053	0.012623	0.031663
	       2	    1024	    2048	0.012118	0.011877	0.012488	0.031718
	       4	    1024	    2048	0.012017	0.012185	0.012565	0.031481
	       8	    1024	    2048	0.012008	0.011731	0.012680	0.031103
	      16	    1024	    2048	0.012091	0.011798	0.012422	0.030382
	      24	    1024	    2048	0.012050	0.011760	0.012344	0.031239
	      32	    1024	    2048	0.012078	0.011837	0.012416	0.031185
	      40	    1024	    2048	0.012090	0.012043	0.012692	0.030498
	      48	    1024	    2048	0.011945	0.012076	0.012455	0.030691
	      56	    1024	    2048	0.012185	0.011978	0.012684	0.030891
	      64	    1024	    2048	0.012131	0.011900	0.012507	0.029941
	      72	    1024	    2048	0.012513	0.012131	0.012837	0.029773
	      80	    1024	    2048	0.012518	0.011745	0.012678	0.029178
	      88	    1024	    2048	0.012718	0.011840	0.012756	0.030394
	      96	    1024	    2048	0.012528	0.011744	0.012903	0.029592
	     104	    1024	    2048	0.013233	0.012096	0.012879	0.029652
	     112	    1024	    2048	0.013135	0.012079	0.012955	0.029664
	     120	    1024	    2048	0.013082	0.011964	0.012894	0.029748
	     128	    1024	    2048	0.012991	0.011926	0.013141	0.030006
	     136	    1024	    2048	0.013149	0.011912	0.013028	0.030454
	     144	    1024	    2048	0.013107	0.011776	0.013108	0.029970
	     152	    1024	    2048	0.013105	0.012052	0.013032	0.030443
	     160	    1024	    2048	0.012946	0.011957	0.012960	0.030493
	     168	    1024	    2048	0.012937	0.011899	0.013052	0.030049
	     176	    1024	    2048	0.012947	0.011822	0.012981	0.028853
	     184	    1024	    2048	0.013154	0.012069	0.012971	0.028890
	     192	    1024	    2048	0.012994	0.011803	0.012960	0.029033
	     200	    1024	    2048	0.013057	0.012094	0.013177	0.029547
	     208	    1024	    2048	0.013021	0.011976	0.012989	0.029720
	     216	    1024	    2048	0.013015	0.012138	0.013126	0.029781
	     224	    1024	    2048	0.013190	0.011894	0.013075	0.031799
	     232	    1024	    2048	0.013513	0.012614	0.013039	0.030938
	     240	    1024	    2048	0.013499	0.012628	0.012969	0.031252
	     248	    1024	    2048	0.013379	0.012704	0.013118	0.031758
	     256	    1024	    2048	0.013383	0.012728	0.013536	0.030525
	     272	    1024	    2048	0.014263	0.013415	0.013703	0.032488
	     288	    1024	    2048	0.014210	0.013142	0.013655	0.031970
	     304	    1024	    2048	0.014233	0.013550	0.013511	0.032150
	     320	    1024	    2048	0.014048	0.013379	0.013812	0.032159
	     336	    1024	    2048	0.014254	0.013392	0.013623	0.032466
	     352	    1024	    2048	0.014083	0.013180	0.013718	0.031900
	     368	    1024	    2048	0.014578	0.013431	0.013678	0.032551
	     384	    1024	    2048	0.014539	0.013596	0.014696	0.031784
	     400	    1024	    2048	0.014311	0.013559	0.013750	0.032172
	     416	    1024	    2048	0.014156	0.013417	0.013997	0.031424
	     432	    1024	    2048	0.014207	0.013709	0.013739	0.032141
	     448	    1024	    2048	0.014308	0.013278	0.013979	0.031556
	     464	    1024	    2048	0.014294	0.013505	0.013985	0.031799
	     480	    1024	    2048	0.014493	0.013379	0.014082	0.032390
	     496	    1024	    2048	0.015066	0.014002	0.013770	0.031986
	     512	    1024	    2048	0.015099	0.013838	0.014807	0.032163
	     768	    1024	    2048	0.018027	0.017168	0.016394	0.032001
	    1024	    1024	    2048	0.019036	0.017795	0.017894	0.032018
	    1536	    1024	    2048	0.026771	0.022966	0.022195	0.031909
	    2048	    1024	    2048	0.025286	0.023089	0.025402	0.032816
	    3072	    1024	    2048	0.047956	0.032897	0.036912	0.036813
	    4096	    1024	    2048	0.054911	0.053355	0.042339	0.035739
	    7168	    1024	    2048	0.082444	0.068222	0.069174	0.058014
	    8192	    1024	    2048	0.084753	0.072419	0.071104	0.062085
	   11264	    1024	    2048	0.121993	0.104718	0.101586	0.087640
	   12280	    1024	    2048	0.126133	0.106386	0.104002	0.089545
	   15360	    1024	    2048	0.160152	0.136892	0.132802	0.110166
	   16384	    1024	    2048	0.164878	0.140528	0.137149	0.121111
	       1	    2048	       1	0.011001	0.011457	0.012965	     nan
	       2	    2048	       1	0.012057	0.011718	0.012481	     nan
	       4	    2048	       1	0.011988	0.011652	0.012858	     nan
	       8	    2048	       1	0.012057	0.011784	0.012496	     nan
	      16	    2048	       1	0.012178	0.011797	0.013094	     nan
	      24	    2048	       1	0.012004	0.012000	0.012604	     nan
	      32	    2048	       1	0.012272	0.011874	0.013309	     nan
	      40	    2048	       1	0.012207	0.012049	0.012523	     nan
	      48	    2048	       1	0.012193	0.011945	0.013371	     nan
	      56	    2048	       1	0.012144	0.011978	0.012885	     nan
	      64	    2048	       1	0.012303	0.011938	0.013383	     nan
	      72	    2048	       1	0.012338	0.012247	0.012958	     nan
	      80	    2048	       1	0.012282	0.012152	0.013621	     nan
	      88	    2048	       1	0.012178	0.012141	0.012952	     nan
	      96	    2048	       1	0.012443	0.012161	0.013649	     nan
	     104	    2048	       1	0.012395	0.012319	0.013100	     nan
	     112	    2048	       1	0.012399	0.012188	0.013534	     nan
	     120	    2048	       1	0.012326	0.012486	0.013124	     nan
	     128	    2048	       1	0.012482	0.012276	0.012913	     nan
	     136	    2048	       1	0.012526	0.012227	0.014497	     nan
	     144	    2048	       1	0.012758	0.012397	0.014423	     nan
	     152	    2048	       1	0.012510	0.012187	0.013689	     nan
	     160	    2048	       1	0.012356	0.012179	0.013840	     nan
	     168	    2048	       1	0.012584	0.012380	0.014595	     nan
	     176	    2048	       1	0.012614	0.012258	0.014567	     nan
	     184	    2048	       1	0.012573	0.012494	0.013754	     nan
	     192	    2048	       1	0.012411	0.012228	0.013726	     nan
	     200	    2048	       1	0.012788	0.012642	0.014439	     nan
	     208	    2048	       1	0.012804	0.012733	0.014623	     nan
	     216	    2048	       1	0.013155	0.013057	0.013765	     nan
	     224	    2048	       1	0.013037	0.012836	0.013728	     nan
	     232	    2048	       1	0.013308	0.013077	0.014628	     nan
	     240	    2048	       1	0.013449	0.013156	0.013934	     nan
	     248	    2048	       1	0.013439	0.013108	0.014671	     nan
	     256	    2048	       1	0.013404	0.013352	0.013789	     nan
	     272	    2048	       1	0.013369	0.013326	0.014266	     nan
	     288	    2048	       1	0.013347	0.013329	0.015132	     nan
	     304	    2048	       1	0.013427	0.013289	0.015035	     nan
	     320	    2048	       1	0.013441	0.013284	0.014260	     nan
	     336	    2048	       1	0.013551	0.013371	0.015125	     nan
	     352	    2048	       1	0.013436	0.013248	0.015739	     nan
	     368	    2048	       1	0.013607	0.013576	0.014831	     nan
	     384	    2048	       1	0.013657	0.013319	0.015677	     nan
	     400	    2048	       1	0.013794	0.013462	0.016241	     nan
	     416	    2048	       1	0.013508	0.013316	0.016726	     nan
	     432	    2048	       1	0.013676	0.013648	0.016160	     nan
	     448	    2048	       1	0.013680	0.013366	0.016493	     nan
	     464	    2048	       1	0.013981	0.013672	0.017256	     nan
	     480	    2048	       1	0.013877	0.013873	0.017752	     nan
	     496	    2048	       1	0.014359	0.014372	0.017366	     nan
	     512	    2048	       1	0.014180	0.014206	0.017805	     nan
	     768	    2048	       1	0.014852	0.014539	0.018560	     nan
	    1024	    2048	       1	0.016288	0.015525	0.021390	     nan
	    1536	    2048	       1	0.018034	0.016623	0.024121	     nan
	    2048	    2048	       1	0.019002	0.018036	0.026716	     nan
	    3072	    2048	       1	0.022618	0.022049	0.030693	     nan
	    4096	    2048	       1	0.026051	0.025345	0.033136	     nan
	    7168	    2048	       1	0.033913	0.033149	0.040281	     nan
	    8192	    2048	       1	0.034748	0.034565	0.046077	     nan
	   11264	    2048	       1	0.048057	0.044686	0.054781	     nan
	   12280	    2048	       1	0.052851	0.049264	0.057658	     nan
	   15360	    2048	       1	0.060853	0.060030	0.066633	     nan
	   16384	    2048	       1	0.062880	0.060386	0.071815	     nan
	       1	    2048	      16	0.014422	0.013334	0.012514	0.031135
	       2	    2048	      16	0.015364	0.014570	0.012387	0.032112
	       4	    2048	      16	0.015471	0.014631	0.012596	0.030482
	       8	    2048	      16	0.015476	0.014517	0.012501	0.031081
	      16	    2048	      16	0.015488	0.014492	0.012547	0.030313
	      24	    2048	      16	0.015525	0.014467	0.013138	0.030557
	      32	    2048	      16	0.015492	0.014636	0.012478	0.030281
	      40	    2048	      16	0.015451	0.014546	0.012626	0.030377
	      48	    2048	      16	0.015531	0.014762	0.012660	0.030281
	      56	    2048	      16	0.015307	0.014662	0.012638	0.029676
	      64	    2048	      16	0.015287	0.015155	0.012661	0.030113
	      72	    2048	      16	0.015453	0.014435	0.013133	0.030774
	      80	    2048	      16	0.015474	0.014435	0.013086	0.029708
	      88	    2048	      16	0.015334	0.014587	0.012998	0.029643
	      96	    2048	      16	0.015510	0.014508	0.013156	0.030337
	     104	    2048	      16	0.015426	0.014527	0.013097	0.030018
	     112	    2048	      16	0.015586	0.014544	0.012952	0.029746
	     120	    2048	      16	0.015616	0.014934	0.013101	0.031077
	     128	    2048	      16	0.015794	0.014855	0.013297	0.030216
	     136	    2048	      16	0.015990	0.014765	0.012965	0.030103
	     144	    2048	      16	0.015973	0.014764	0.013338	0.030426
	     152	    2048	      16	0.015436	0.014943	0.013646	0.029918
	     160	    2048	      16	0.015430	0.014920	0.013591	0.030349
	     168	    2048	      16	0.015575	0.014580	0.013097	0.029958
	     176	    2048	      16	0.015589	0.014614	0.012945	0.030433
	     184	    2048	      16	0.015429	0.014738	0.013136	0.030046
	     192	    2048	      16	0.015613	0.014602	0.013219	0.030986
	     200	    2048	      16	0.015664	0.014792	0.013283	0.031416
	     208	    2048	      16	0.015638	0.014828	0.013218	0.030761
	     216	    2048	      16	0.015570	0.014830	0.013079	0.030943
	     224	    2048	      16	0.015709	0.014903	0.013276	0.031260
	     232	    2048	      16	0.015693	0.015060	0.013753	0.031427
	     240	    2048	      16	0.015859	0.015005	0.013166	0.030528
	     248	    2048	      16	0.015854	0.014988	0.013307	0.031262
	     256	    2048	      16	0.016043	0.015186	0.013121	0.030127
	     272	    2048	      16	0.016109	0.015208	0.013268	0.030290
	     288	    2048	      16	0.016245	0.015304	0.013274	0.030589
	     304	    2048	      16	0.016137	0.015435	0.013347	0.030403
	     320	    2048	      16	0.016155	0.015404	0.013497	0.031173
	     336	    2048	      16	0.016376	0.015529	0.013357	0.030367
	     352	    2048	      16	0.016412	0.015591	0.013551	0.030542
	     368	    2048	      16	0.016484	0.015372	0.013409	0.030496
	     384	    2048	      16	0.016481	0.015603	0.013455	0.031155
	     400	    2048	      16	0.016394	0.015703	0.013324	0.030477
	     416	    2048	      16	0.016421	0.015768	0.013474	0.030337
	     432	    2048	      16	0.016625	0.015696	0.013477	0.030594
	     448	    2048	      16	0.016450	0.015661	0.013489	0.030827
	     464	    2048	      16	0.016646	0.015748	0.013519	0.029915
	     480	    2048	      16	0.016677	0.015816	0.013398	0.030254
	     496	    2048	      16	0.016745	0.015596	0.013621	0.030430
	     512	    2048	      16	0.016795	0.015846	0.013393	0.030188
	     768	    2048	      16	0.017129	0.015488	0.013844	0.029889
	    1024	    2048	      16	0.018047	0.015829	0.014429	0.030332
	    1536	    2048	      16	0.018671	0.016777	0.014707	0.030845
	    2048	    2048	      16	0.019606	0.017308	0.015610	0.031078
	    3072	    2048	      16	0.019865	0.017872	0.017315	0.032901
	    4096	    2048	      16	0.021426	0.020097	0.019045	0.032670
	    7168	    2048	      16	0.028492	0.027293	0.024006	0.034763
	    8192	    2048	      16	0.030353	0.029498	0.025874	0.035668
	   11264	    2048	      16	0.038270	0.037551	0.032599	0.036677
	   12280	    2048	      16	0.039694	0.039696	0.033705	0.037131
	   15360	    2048	      16	0.046256	0.045191	0.039182	0.036330
	   16384	    2048	      16	0.048887	0.046599	0.041003	0.038419
	       1	    2048	     512	0.013493	0.013929	0.013474	0.030999
	       2	    2048	     512	0.014516	0.013481	0.013108	0.031501
	       4	    2048	     512	0.014625	0.013333	0.013518	0.031577
	       8	    2048	     512	0.014727	0.013354	0.013477	0.031779
	      16	    2048	     512	0.014638	0.013344	0.012940	0.032252
	      24	    2048	     512	0.014684	0.013401	0.013516	0.029953
	      32	    2048	     512	0.014712	0.013236	0.013207	0.029415
	      40	    2048	     512	0.014627	0.013266	0.013469	0.030183
	      48	    2048	     512	0.014398	0.013504	0.013378	0.029601
	      56	    2048	     512	0.014450	0.013282	0.013504	0.030195
	      64	    2048	     512	0.014600	0.013417	0.013318	0.030011
	      72	    2048	     512	0.014610	0.013428	0.013370	0.030045
	      80	    2048	     512	0.014613	0.013273	0.013527	0.030444
	      88	    2048	     512	0.014494	0.013761	0.013506	0.030198
	      96	    2048	     512	0.014638	0.013305	0.013507	0.029869
	     104	    2048	     512	0.014646	0.015018	0.013264	0.029973
	     112	    2048	     512	0.014617	0.014979	0.013371	0.029922
	     120	    2048	     512	0.014681	0.015040	0.013461	0.029745
	     128	    2048	     512	0.014651	0.014862	0.013530	0.030798
	     136	    2048	     512	0.014542	0.013383	0.013630	0.029993
	     144	    2048	     512	0.014521	0.013349	0.013463	0.030246
	     152	    2048	     512	0.014563	0.013524	0.013379	0.030325
	     160	    2048	     512	0.014646	0.013366	0.013475	0.030005
	     168	    2048	     512	0.014701	0.013411	0.013510	0.030541
	     176	    2048	     512	0.014674	0.013523	0.013512	0.030627
	     184	    2048	     512	0.014564	0.013445	0.013692	0.030098
	     192	    2048	     512	0.014686	0.013536	0.013651	0.029474
	     200	    2048	     512	0.014610	0.013434	0.013719	0.033008
	     208	    2048	     512	0.015308	0.013400	0.013753	0.030109
	     216	    2048	     512	0.014785	0.013477	0.013820	0.030582
	     224	    2048	     512	0.014596	0.013592	0.013819	0.029571
	     232	    2048	     512	0.014907	0.015005	0.013851	0.030193
	     240	    2048	     512	0.014742	0.015141	0.013902	0.030443
	     248	    2048	     512	0.014737	0.015194	0.013761	0.030213
	     256	    2048	     512	0.014711	0.014984	0.013924	0.029919
	     272	    2048	     512	0.015759	0.014419	0.014012	0.030852
	     288	    2048	     512	0.015870	0.014379	0.013978	0.031351
	     304	    2048	     512	0.015763	0.014575	0.014096	0.031536
	     320	    2048	     512	0.015812	0.014988	0.014148	0.031386
	     336	    2048	     512	0.015805	0.015117	0.014397	0.031239
	     352	    2048	     512	0.016070	0.014652	0.014354	0.031768
	     368	    2048	     512	0.015881	0.015063	0.014293	0.031454
	     384	    2048	     512	0.015988	0.015333	0.014454	0.030978
	     400	    2048	     512	0.015943	0.014711	0.014449	0.031531
	     416	    2048	     512	0.016101	0.014562	0.014591	0.030864
	     432	    2048	     512	0.015993	0.014891	0.014498	0.030591
	     448	    2048	     512	0.016038	0.015168	0.014648	0.031532
	     464	    2048	     512	0.016215	0.014811	0.014637	0.030721
	     480	    2048	     512	0.016280	0.015071	0.014712	0.031463
	     496	    2048	     512	0.016340	0.015073	0.014771	0.031268
	     512	    2048	     512	0.016384	0.015136	0.014654	0.031060
	     768	    2048	     512	0.017158	0.016159	0.016282	0.030812
	    1024	    2048	     512	0.017449	0.015826	0.017164	0.030616
	    1536	    2048	     512	0.020089	0.018808	0.016751	0.032777
	    2048	    2048	     512	0.020572	0.019713	0.019666	0.032057
	    3072	    2048	     512	0.025544	0.025981	0.025574	0.033834
	    4096	    2048	     512	0.028616	0.028560	0.029029	0.035227
	    7168	    2048	     512	0.042247	0.035687	0.033600	0.036891
	    8192	    2048	     512	0.043618	0.036777	0.034554	0.036160
	   11264	    2048	     512	0.065913	0.064970	0.059361	0.049502
	   12280	    2048	     512	0.067532	0.065401	0.059612	0.050364
	   15360	    2048	     512	0.081419	0.066727	0.061693	0.061127
	   16384	    2048	     512	0.081517	0.067084	0.062601	0.064563
	       1	    2048	    2560	0.015393	0.015541	0.015200	0.032963
	       2	    2048	    2560	0.015955	0.015392	0.015323	0.031905
	       4	    2048	    2560	0.015848	0.014819	0.015323	0.032118
	       8	    2048	    2560	0.015909	0.015548	0.015139	0.032121
	      16	    2048	    2560	0.015775	0.014821	0.015381	0.031552
	      24	    2048	    2560	0.015977	0.014871	0.015156	0.031634
	      32	    2048	    2560	0.015782	0.015292	0.015227	0.031715
	      40	    2048	    2560	0.015897	0.015062	0.015222	0.032183
	      48	    2048	    2560	0.015971	0.014857	0.015323	0.031664
	      56	    2048	    2560	0.016984	0.022988	0.015557	0.031103
	      64	    2048	    2560	0.016895	0.023103	0.015574	0.031605
	      72	    2048	    2560	0.017030	0.015820	0.015673	0.031185
	      80	    2048	    2560	0.016768	0.015993	0.015731	0.031483
	      88	    2048	    2560	0.017364	0.015833	0.015706	0.031461
	      96	    2048	    2560	0.017214	0.015845	0.015779	0.033742
	     104	    2048	    2560	0.018105	0.016442	0.016680	0.032459
	     112	    2048	    2560	0.018007	0.016615	0.016613	0.032704
	     120	    2048	    2560	0.018119	0.016564	0.016721	0.032528
	     128	    2048	    2560	0.018074	0.016695	0.016763	0.033499
	     136	    2048	    2560	0.018046	0.015757	0.017040	0.032810
	     144	    2048	    2560	0.017911	0.016077	0.016891	0.032602
	     152	    2048	    2560	0.018161	0.015972	0.016927	0.032556
	     160	    2048	    2560	0.018122	0.016052	0.017016	0.032500
	     168	    2048	    2560	0.018285	0.017328	0.016909	0.031844
	     176	    2048	    2560	0.017972	0.015853	0.016898	0.031387
	     184	    2048	    2560	0.018207	0.015783	0.016848	0.031542
	     192	    2048	    2560	0.018131	0.015927	0.017009	0.032154
	     200	    2048	    2560	0.020961	0.017596	0.017532	0.031755
	     208	    2048	    2560	0.020925	0.017428	0.017461	0.032178
	     216	    2048	    2560	0.021080	0.017870	0.017626	0.031674
	     224	    2048	    2560	0.021043	0.017605	0.017663	0.031624
	     232	    2048	    2560	0.021096	0.018950	0.017532	0.031815
	     240	    2048	    2560	0.020024	0.018915	0.017505	0.031793
	     248	    2048	    2560	0.020965	0.018830	0.017755	0.031904
	     256	    2048	    2560	0.020121	0.019009	0.017528	0.031281
	     272	    2048	    2560	0.020179	0.018054	0.017885	0.031460
	     288	    2048	    2560	0.020082	0.017521	0.017805	0.031709
	     304	    2048	    2560	0.020069	0.017698	0.017944	0.031525
	     320	    2048	    2560	0.020221	0.017588	0.017841	0.032171
	     336	    2048	    2560	0.020355	0.017973	0.018321	0.032465
	     352	    2048	    2560	0.020330	0.017635	0.018200	0.032532
	     368	    2048	    2560	0.020516	0.019695	0.018113	0.032689
	     384	    2048	    2560	0.020394	0.019785	0.018240	0.033370
	     400	    2048	    2560	0.024227	0.022754	0.021109	0.032460
	     416	    2048	    2560	0.024465	0.022940	0.021029	0.032412
	     432	    2048	    2560	0.024244	0.022801	0.021082	0.033084
	     448	    2048	    2560	0.024380	0.022865	0.020808	0.033153
	     464	    2048	    2560	0.024353	0.023069	0.021842	0.033955
	     480	    2048	    2560	0.024452	0.023183	0.021476	0.033358
	     496	    2048	    2560	0.024571	0.023452	0.021279	0.033719
	     512	    2048	    2560	0.024492	0.023562	0.021341	0.033566
	     768	    2048	    2560	0.027998	0.027310	0.026713	0.034230
	    1024	    2048	    2560	0.034275	0.033336	0.030214	0.037169
	    1536	    2048	    2560	0.041539	0.036203	0.031725	0.038374
	    2048	    2048	    2560	0.062866	0.058216	0.052597	0.040187
	    3072	    2048	    2560	0.078933	0.063872	0.068274	0.070886
	    4096	    2048	    2560	0.114828	0.088202	0.085035	0.083915
	    7168	    2048	    2560	0.186155	0.154528	0.139323	0.125287
	    8192	    2048	    2560	0.192066	0.158753	0.144941	0.144637
	   11264	    2048	    2560	0.273528	0.223221	0.200946	0.197381
	   12280	    2048	    2560	0.308445	0.255390	0.227012	0.210266
	   15360	    2048	    2560	0.374827	0.324172	0.286801	0.272645
	   16384	    2048	    2560	0.377675	0.319830	0.287086	0.296378
	       1	    2048	    3072	0.015587	0.016432	0.015744	0.032265
	       2	    2048	    3072	0.016130	0.015330	0.016014	0.032658
	       4	    2048	    3072	0.016366	0.015313	0.015822	0.032798
	       8	    2048	    3072	0.016034	0.015174	0.016053	0.032531
	      16	    2048	    3072	0.016246	0.015164	0.015921	0.032643
	      24	    2048	    3072	0.016248	0.015737	0.015974	0.032642
	      32	    2048	    3072	0.016384	0.015328	0.015771	0.032113
	      40	    2048	    3072	0.017135	0.015971	0.016441	0.031950
	      48	    2048	    3072	0.017127	0.016284	0.016355	0.032764
	      56	    2048	    3072	0.017011	0.016062	0.016328	0.032026
	      64	    2048	    3072	0.017434	0.016233	0.016368	0.031222
	      72	    2048	    3072	0.017289	0.016002	0.017536	0.031405
	      80	    2048	    3072	0.017538	0.016328	0.017437	0.031496
	      88	    2048	    3072	0.020585	0.016272	0.017304	0.031578
	      96	    2048	    3072	0.020727	0.016433	0.017539	0.031571
	     104	    2048	    3072	0.018251	0.016975	0.017340	0.031472
	     112	    2048	    3072	0.018414	0.017175	0.017385	0.031670
	     120	    2048	    3072	0.018261	0.016943	0.017533	0.032001
	     128	    2048	    3072	0.018352	0.017177	0.017413	0.031569
	     136	    2048	    3072	0.020435	0.017624	0.018221	0.031387
	     144	    2048	    3072	0.020281	0.017999	0.018173	0.031583
	     152	    2048	    3072	0.020678	0.017893	0.018124	0.032105
	     160	    2048	    3072	0.020266	0.018018	0.018350	0.031288
	     168	    2048	    3072	0.020685	0.017805	0.018152	0.031597
	     176	    2048	    3072	0.020242	0.018092	0.018323	0.032145
	     184	    2048	    3072	0.020565	0.017652	0.018613	0.032504
	     192	    2048	    3072	0.020307	0.018087	0.018219	0.032156
	     200	    2048	    3072	0.021176	0.017832	0.018244	0.031590
	     208	    2048	    3072	0.021382	0.018164	0.018221	0.031068
	     216	    2048	    3072	0.021365	0.017835	0.018382	0.032439
	     224	    2048	    3072	0.021370	0.018184	0.018421	0.031338
	     232	    2048	    3072	0.021532	0.018920	0.018425	0.031828
	     240	    2048	    3072	0.020331	0.019109	0.018276	0.031607
	     248	    2048	    3072	0.021583	0.019062	0.018313	0.032164
	     256	    2048	    3072	0.020595	0.019223	0.020428	0.032399
	     272	    2048	    3072	0.020438	0.018090	0.018870	0.032994
	     288	    2048	    3072	0.020543	0.018348	0.018879	0.033411
	     304	    2048	    3072	0.020439	0.018326	0.018847	0.033077
	     320	    2048	    3072	0.020585	0.018329	0.018915	0.033213
	     336	    2048	    3072	0.024662	0.023181	0.021474	0.033521
	     352	    2048	    3072	0.024547	0.023070	0.021363	0.033418
	     368	    2048	    3072	0.024383	0.023159	0.021488	0.032935
	     384	    2048	    3072	0.024562	0.023094	0.021316	0.033414
	     400	    2048	    3072	0.024710	0.023046	0.022905	0.034234
	     416	    2048	    3072	0.024861	0.023187	0.022554	0.033956
	     432	    2048	    3072	0.024592	0.023095	0.022340	0.033456
	     448	    2048	    3072	0.024748	0.023165	0.022494	0.033629
	     464	    2048	    3072	0.024873	0.023375	0.022777	0.034563
	     480	    2048	    3072	0.025019	0.023472	0.022164	0.033695
	     496	    2048	    3072	0.024839	0.023942	0.021934	0.033203
	     512	    2048	    3072	0.025080	0.023828	0.026346	0.033310
	     768	    2048	    3072	0.034141	0.032876	0.031736	0.036901
	    1024	    2048	    3072	0.034518	0.033523	0.038564	0.037556
	    1536	    2048	    3072	0.060711	0.055556	0.047562	0.039706
	    2048	    2048	    3072	0.069975	0.054351	0.056782	0.056844
	    3072	    2048	    3072	0.105782	0.087692	0.084111	0.082719
	    4096	    2048	    3072	0.118327	0.094994	0.105349	0.087291
	    7168	    2048	    3072	0.221067	0.180468	0.164466	0.154479
	    8192	    2048	    3072	0.227980	0.193171	0.172602	0.170535
	   11264	    2048	    3072	0.304417	0.254613	0.239879	0.240570
	   12280	    2048	    3072	0.356747	0.296078	0.260687	0.264590
	   15360	    2048	    3072	0.440578	0.360517	0.321163	0.325006
	   16384	    2048	    3072	0.510829	0.389080	0.351267	0.358443
	       1	    2048	   37984	0.076108	0.077931	0.074227	0.067633
	       2	    2048	   37984	0.071866	0.071552	0.074231	0.069849
	       4	    2048	   37984	0.070799	0.070452	0.074421	0.069674
	       8	    2048	   37984	0.070498	0.070126	0.077497	0.069419
	      16	    2048	   37984	0.070789	0.070341	0.074605	0.066526
	      24	    2048	   37984	0.071759	0.071128	0.073663	0.067025
	      32	    2048	   37984	0.071778	0.071149	0.070879	0.066190
	      40	    2048	   37984	0.071741	0.071155	0.073450	0.066895
	      48	    2048	   37984	0.071999	0.071274	0.072650	0.067043
	      56	    2048	   37984	0.072190	0.071499	0.072445	0.066856
	      64	    2048	   37984	0.072228	0.071714	0.072496	0.067173
	      72	    2048	   37984	0.081914	0.079907	0.082713	0.072799
	      80	    2048	   37984	0.082019	0.080134	0.082880	0.069719
	      88	    2048	   37984	0.082275	0.080238	0.082801	0.069009
	      96	    2048	   37984	0.082466	0.080638	0.083027	0.068848
	     104	    2048	   37984	0.082564	0.080706	0.083153	0.068838
	     112	    2048	   37984	0.082694	0.080966	0.083189	0.068934
	     120	    2048	   37984	0.082930	0.081222	0.081203	0.069172
	     128	    2048	   37984	0.083490	0.081648	0.081267	0.069381
	     136	    2048	   37984	0.108699	0.102106	0.103809	0.108546
	     144	    2048	   37984	0.109058	0.101617	0.103832	0.104478
	     152	    2048	   37984	0.108818	0.101545	0.102508	0.101556
	     160	    2048	   37984	0.109353	0.101388	0.102628	0.100008
	     168	    2048	   37984	0.109275	0.102462	0.102289	0.094404
	     176	    2048	   37984	0.109443	0.101241	0.101484	0.092115
	     184	    2048	   37984	0.109486	0.101991	0.101756	0.092008
	     192	    2048	   37984	0.109168	0.101588	0.100670	0.092171
	     200	    2048	   37984	0.119393	0.102021	0.101774	0.102225
	     208	    2048	   37984	0.119565	0.101987	0.100964	0.100628
	     216	    2048	   37984	0.119842	0.101967	0.100837	0.099416
	     224	    2048	   37984	0.119788	0.102227	0.100873	0.098923
	     232	    2048	   37984	0.120054	0.102199	0.100208	0.097222
	     240	    2048	   37984	0.120058	0.102268	0.100367	0.096562
	     248	    2048	   37984	0.120545	0.102460	0.100761	0.096527
	     256	    2048	   37984	0.120438	0.102795	0.100953	0.097130
	     272	    2048	   37984	0.148934	0.131128	0.130544	0.149857
	     288	    2048	   37984	0.148691	0.131532	0.129876	0.144205
	     304	    2048	   37984	0.149382	0.133259	0.128590	0.132815
	     320	    2048	   37984	0.149497	0.133382	0.127989	0.131736
	     336	    2048	   37984	0.155861	0.132136	0.126151	0.131854
	     352	    2048	   37984	0.155790	0.132852	0.126015	0.129913
	     368	    2048	   37984	0.156995	0.133047	0.125319	0.124512
	     384	    2048	   37984	0.156744	0.134989	0.126280	0.122860
	     400	    2048	   37984	0.190773	0.162614	0.160817	0.168973
	     416	    2048	   37984	0.192534	0.162741	0.159654	0.165517
	     432	    2048	   37984	0.193410	0.162823	0.158051	0.161775
	     448	    2048	   37984	0.191992	0.164295	0.158167	0.160952
	     464	    2048	   37984	0.197552	0.162399	0.156665	0.154916
	     480	    2048	   37984	0.196892	0.165987	0.155291	0.150805
	     496	    2048	   37984	0.199048	0.167411	0.150980	0.146700
	     512	    2048	   37984	0.196281	0.167524	0.152346	0.146928
	     768	    2048	   37984	0.277443	0.234285	0.214465	0.215803
	    1024	    2048	   37984	0.375866	0.313018	0.289929	0.274664
	    1536	    2048	   37984	0.571479	0.477071	0.443015	0.412362
	    2048	    2048	   37984	0.733646	0.630180	0.589606	0.552254
	    3072	    2048	   37984	1.082187	0.960593	0.880258	0.828189
	    4096	    2048	   37984	1.454203	1.309935	1.181876	1.087034
	    7168	    2048	   37984	2.630174	2.210709	2.006376	1.969394
	    8192	    2048	   37984	2.909459	2.498794	2.307158	2.187502
	   11264	    2048	   37984	4.035876	3.470199	3.076740	2.957720
	   12280	    2048	   37984	4.603387	3.781919	3.427603	3.272250
	   15360	    2048	   37984	5.707712	4.706522	4.345626	4.025331
	   16384	    2048	   37984	5.812578	5.022212	4.594373	4.326844
	     384	     384	     384	0.009810	0.009804	0.010398	0.031673
	    4096	    4096	    4096	0.283569	0.234548	0.215864	0.219932
	    1024	    1024	    1024	0.015367	0.013966	0.014676	0.032579
	    2048	    2048	    2048	0.041851	0.034929	0.032238	0.037729
	    4096	    4096	    4096	0.282190	0.232991	0.216609	0.219083
