#   M	    K	    N	     v33
    1	    4	 2048	0.002561
    2	    4	 2048	0.002914
    4	    4	 2048	0.002919
    8	    4	 2048	0.002911
   16	    4	 2048	0.002986
   24	    4	 2048	0.002987
   32	    4	 2048	0.002998
   40	    4	 2048	0.002941
   48	    4	 2048	0.002934
   56	    4	 2048	0.002972
   64	    4	 2048	0.002980
   72	    4	 2048	0.003139
   80	    4	 2048	0.003133
   88	    4	 2048	0.003137
   96	    4	 2048	0.003137
  104	    4	 2048	0.003143
  112	    4	 2048	0.003139
  120	    4	 2048	0.003165
  128	    4	 2048	0.003167
  136	    4	 2048	0.003429
  144	    4	 2048	0.003452
  152	    4	 2048	0.003483
  160	    4	 2048	0.003484
  168	    4	 2048	0.003480
  176	    4	 2048	0.003486
  184	    4	 2048	0.003490
  192	    4	 2048	0.003495
  200	    4	 2048	0.003121
  208	    4	 2048	0.003111
  216	    4	 2048	0.003127
  224	    4	 2048	0.003113
  232	    4	 2048	0.003118
  240	    4	 2048	0.003111
  248	    4	 2048	0.003112
  256	    4	 2048	0.003109
  272	    4	 2048	0.003599
  288	    4	 2048	0.003608
  304	    4	 2048	0.003606
  320	    4	 2048	0.003613
  336	    4	 2048	0.003613
  352	    4	 2048	0.003604
  368	    4	 2048	0.003594
  384	    4	 2048	0.003600
  400	    4	 2048	0.003697
  416	    4	 2048	0.003693
  432	    4	 2048	0.003599
  448	    4	 2048	0.003609
  464	    4	 2048	0.003601
  480	    4	 2048	0.003597
  496	    4	 2048	0.003602
  512	    4	 2048	0.003606
  768	    4	 2048	0.004119
 1024	    4	 2048	0.004802
 1536	    4	 2048	0.006462
 2048	    4	 2048	0.007519
 3072	    4	 2048	0.010461
 4096	    4	 2048	0.013340
 7168	    4	 2048	0.021452
 8192	    4	 2048	0.024122
11264	    4	 2048	0.031743
12288	    4	 2048	0.034424
15360	    4	 2048	0.042246
16384	    4	 2048	0.044884
    1	  128	 2048	0.003332
    2	  128	 2048	0.003354
    4	  128	 2048	0.003361
    8	  128	 2048	0.003736
   16	  128	 2048	0.003744
   24	  128	 2048	0.003756
   32	  128	 2048	0.003769
   40	  128	 2048	0.003797
   48	  128	 2048	0.003823
   56	  128	 2048	0.003832
   64	  128	 2048	0.003849
   72	  128	 2048	0.003600
   80	  128	 2048	0.003599
   88	  128	 2048	0.003620
   96	  128	 2048	0.003614
  104	  128	 2048	0.003633
  112	  128	 2048	0.003632
  120	  128	 2048	0.003653
  128	  128	 2048	0.003646
  136	  128	 2048	0.004068
  144	  128	 2048	0.004095
  152	  128	 2048	0.004106
  160	  128	 2048	0.004116
  168	  128	 2048	0.004124
  176	  128	 2048	0.004126
  184	  128	 2048	0.004136
  192	  128	 2048	0.004135
  200	  128	 2048	0.003962
  208	  128	 2048	0.003960
  216	  128	 2048	0.003965
  224	  128	 2048	0.003964
  232	  128	 2048	0.003741
  240	  128	 2048	0.003742
  248	  128	 2048	0.003749
  256	  128	 2048	0.003746
  272	  128	 2048	0.004456
  288	  128	 2048	0.004497
  304	  128	 2048	0.004752
  320	  128	 2048	0.004749
  336	  128	 2048	0.004462
  352	  128	 2048	0.004472
  368	  128	 2048	0.004748
  384	  128	 2048	0.004725
  400	  128	 2048	0.004440
  416	  128	 2048	0.004446
  432	  128	 2048	0.004453
  448	  128	 2048	0.004456
  464	  128	 2048	0.004453
  480	  128	 2048	0.004458
  496	  128	 2048	0.004788
  512	  128	 2048	0.004773
  768	  128	 2048	0.005303
 1024	  128	 2048	0.005582
 1536	  128	 2048	0.006598
 2048	  128	 2048	0.007137
 3072	  128	 2048	0.010856
 4096	  128	 2048	0.012554
 7168	  128	 2048	0.022284
 8192	  128	 2048	0.024136
11264	  128	 2048	0.032530
12280	  128	 2048	0.034719
15360	  128	 2048	0.042567
16384	  128	 2048	0.045122
    1	 1024	 2048	0.006160
    2	 1024	 2048	0.006631
    4	 1024	 2048	0.006587
    8	 1024	 2048	0.006512
   16	 1024	 2048	0.006497
   24	 1024	 2048	0.006460
   32	 1024	 2048	0.006411
   40	 1024	 2048	0.006492
   48	 1024	 2048	0.006466
   56	 1024	 2048	0.006463
   64	 1024	 2048	0.006477
   72	 1024	 2048	0.007468
   80	 1024	 2048	0.007459
   88	 1024	 2048	0.007505
   96	 1024	 2048	0.007482
  104	 1024	 2048	0.007571
  112	 1024	 2048	0.007590
  120	 1024	 2048	0.007579
  128	 1024	 2048	0.007599
  136	 1024	 2048	0.007809
  144	 1024	 2048	0.007813
  152	 1024	 2048	0.007805
  160	 1024	 2048	0.007816
  168	 1024	 2048	0.007805
  176	 1024	 2048	0.007819
  184	 1024	 2048	0.007796
  192	 1024	 2048	0.007821
  200	 1024	 2048	0.007877
  208	 1024	 2048	0.007892
  216	 1024	 2048	0.007877
  224	 1024	 2048	0.007896
  232	 1024	 2048	0.007837
  240	 1024	 2048	0.007838
  248	 1024	 2048	0.007847
  256	 1024	 2048	0.007860
  272	 1024	 2048	0.009494
  288	 1024	 2048	0.009483
  304	 1024	 2048	0.009514
  320	 1024	 2048	0.009475
  336	 1024	 2048	0.009455
  352	 1024	 2048	0.009449
  368	 1024	 2048	0.009615
  384	 1024	 2048	0.009573
  400	 1024	 2048	0.009593
  416	 1024	 2048	0.009616
  432	 1024	 2048	0.009617
  448	 1024	 2048	0.009638
  464	 1024	 2048	0.009613
  480	 1024	 2048	0.009661
  496	 1024	 2048	0.010144
  512	 1024	 2048	0.010133
  768	 1024	 2048	0.013431
 1024	 1024	 2048	0.012903
 1536	 1024	 2048	0.021320
 2048	 1024	 2048	0.020306
 3072	 1024	 2048	0.041531
 4096	 1024	 2048	0.050637
 7168	 1024	 2048	0.079000
 8192	 1024	 2048	0.085726
11264	 1024	 2048	0.130870
12280	 1024	 2048	0.140856
15360	 1024	 2048	0.170423
16384	 1024	 2048	0.169318
    1	 2048	    1	0.006902
    2	 2048	    1	0.007879
    4	 2048	    1	0.007894
    8	 2048	    1	0.007755
   16	 2048	    1	0.007785
   24	 2048	    1	0.007782
   32	 2048	    1	0.007793
   40	 2048	    1	0.007763
   48	 2048	    1	0.007777
   56	 2048	    1	0.007790
   64	 2048	    1	0.007779
   72	 2048	    1	0.007898
   80	 2048	    1	0.007908
   88	 2048	    1	0.007920
   96	 2048	    1	0.007924
  104	 2048	    1	0.007935
  112	 2048	    1	0.007943
  120	 2048	    1	0.007990
  128	 2048	    1	0.007982
  136	 2048	    1	0.008016
  144	 2048	    1	0.008004
  152	 2048	    1	0.008021
  160	 2048	    1	0.008038
  168	 2048	    1	0.008047
  176	 2048	    1	0.008026
  184	 2048	    1	0.008017
  192	 2048	    1	0.008026
  200	 2048	    1	0.008285
  208	 2048	    1	0.008266
  216	 2048	    1	0.008577
  224	 2048	    1	0.008554
  232	 2048	    1	0.008872
  240	 2048	    1	0.008870
  248	 2048	    1	0.008883
  256	 2048	    1	0.008892
  272	 2048	    1	0.008985
  288	 2048	    1	0.008980
  304	 2048	    1	0.008977
  320	 2048	    1	0.008982
  336	 2048	    1	0.009009
  352	 2048	    1	0.009029
  368	 2048	    1	0.009042
  384	 2048	    1	0.009017
  400	 2048	    1	0.009019
  416	 2048	    1	0.009002
  432	 2048	    1	0.009022
  448	 2048	    1	0.009021
  464	 2048	    1	0.009181
  480	 2048	    1	0.009323
  496	 2048	    1	0.009604
  512	 2048	    1	0.009629
  768	 2048	    1	0.010561
 1024	 2048	    1	0.012270
 1536	 2048	    1	0.013165
 2048	 2048	    1	0.014007
 3072	 2048	    1	0.018164
 4096	 2048	    1	0.021102
 7168	 2048	    1	0.028882
 8192	 2048	    1	0.030179
11264	 2048	    1	0.044024
12280	 2048	    1	0.048254
15360	 2048	    1	0.056735
16384	 2048	    1	0.060379
    1	 2048	   16	0.009691
    2	 2048	   16	0.010655
    4	 2048	   16	0.010636
    8	 2048	   16	0.010675
   16	 2048	   16	0.010679
   24	 2048	   16	0.010685
   32	 2048	   16	0.010672
   40	 2048	   16	0.010666
   48	 2048	   16	0.010652
   56	 2048	   16	0.010652
   64	 2048	   16	0.010660
   72	 2048	   16	0.010747
   80	 2048	   16	0.010789
   88	 2048	   16	0.010745
   96	 2048	   16	0.010763
  104	 2048	   16	0.010711
  112	 2048	   16	0.010745
  120	 2048	   16	0.011002
  128	 2048	   16	0.010997
  136	 2048	   16	0.011015
  144	 2048	   16	0.011017
  152	 2048	   16	0.011026
  160	 2048	   16	0.010998
  168	 2048	   16	0.010987
  176	 2048	   16	0.011004
  184	 2048	   16	0.010984
  192	 2048	   16	0.010977
  200	 2048	   16	0.010999
  208	 2048	   16	0.011052
  216	 2048	   16	0.011127
  224	 2048	   16	0.011103
  232	 2048	   16	0.011213
  240	 2048	   16	0.011176
  248	 2048	   16	0.011143
  256	 2048	   16	0.011176
  272	 2048	   16	0.011530
  288	 2048	   16	0.011520
  304	 2048	   16	0.011505
  320	 2048	   16	0.011533
  336	 2048	   16	0.011604
  352	 2048	   16	0.011597
  368	 2048	   16	0.011621
  384	 2048	   16	0.011653
  400	 2048	   16	0.011664
  416	 2048	   16	0.011726
  432	 2048	   16	0.011728
  448	 2048	   16	0.011702
  464	 2048	   16	0.011775
  480	 2048	   16	0.011873
  496	 2048	   16	0.011964
  512	 2048	   16	0.011964
  768	 2048	   16	0.012523
 1024	 2048	   16	0.013108
 1536	 2048	   16	0.013160
 2048	 2048	   16	0.013492
 3072	 2048	   16	0.014158
 4096	 2048	   16	0.015256
 7168	 2048	   16	0.021127
 8192	 2048	   16	0.021942
11264	 2048	   16	0.030403
12280	 2048	   16	0.033103
15360	 2048	   16	0.040373
16384	 2048	   16	0.044021
    1	 2048	  512	0.007917
    2	 2048	  512	0.009568
    4	 2048	  512	0.009032
    8	 2048	  512	0.009538
   16	 2048	  512	0.009059
   24	 2048	  512	0.009551
   32	 2048	  512	0.009585
   40	 2048	  512	0.009039
   48	 2048	  512	0.009038
   56	 2048	  512	0.009040
   64	 2048	  512	0.009058
   72	 2048	  512	0.009069
   80	 2048	  512	0.009097
   88	 2048	  512	0.009084
   96	 2048	  512	0.009096
  104	 2048	  512	0.009093
  112	 2048	  512	0.009105
  120	 2048	  512	0.009119
  128	 2048	  512	0.009106
  136	 2048	  512	0.009192
  144	 2048	  512	0.009159
  152	 2048	  512	0.009152
  160	 2048	  512	0.009142
  168	 2048	  512	0.009138
  176	 2048	  512	0.009157
  184	 2048	  512	0.009157
  192	 2048	  512	0.009171
  200	 2048	  512	0.009192
  208	 2048	  512	0.009178
  216	 2048	  512	0.009200
  224	 2048	  512	0.009209
  232	 2048	  512	0.009224
  240	 2048	  512	0.009205
  248	 2048	  512	0.009216
  256	 2048	  512	0.009200
  272	 2048	  512	0.011254
  288	 2048	  512	0.011347
  304	 2048	  512	0.011348
  320	 2048	  512	0.011367
  336	 2048	  512	0.011398
  352	 2048	  512	0.011377
  368	 2048	  512	0.011468
  384	 2048	  512	0.011386
  400	 2048	  512	0.011404
  416	 2048	  512	0.011417
  432	 2048	  512	0.011463
  448	 2048	  512	0.011428
  464	 2048	  512	0.011481
  480	 2048	  512	0.011478
  496	 2048	  512	0.011506
  512	 2048	  512	0.011452
  768	 2048	  512	0.012114
 1024	 2048	  512	0.012122
 1536	 2048	  512	0.015143
 2048	 2048	  512	0.015301
 3072	 2048	  512	0.020926
 4096	 2048	  512	0.023496
 7168	 2048	  512	0.039890
 8192	 2048	  512	0.042894
11264	 2048	  512	0.065153
12280	 2048	  512	0.067703
15360	 2048	  512	0.083519
16384	 2048	  512	0.083728
    1	 2048	 2560	0.008968
    2	 2048	 2560	0.010110
    4	 2048	 2560	0.009798
    8	 2048	 2560	0.009765
   16	 2048	 2560	0.009746
   24	 2048	 2560	0.009674
   32	 2048	 2560	0.009751
   40	 2048	 2560	0.009779
   48	 2048	 2560	0.009742
   56	 2048	 2560	0.011410
   64	 2048	 2560	0.011409
   72	 2048	 2560	0.011483
   80	 2048	 2560	0.011465
   88	 2048	 2560	0.011509
   96	 2048	 2560	0.011504
  104	 2048	 2560	0.012000
  112	 2048	 2560	0.012033
  120	 2048	 2560	0.012017
  128	 2048	 2560	0.012053
  136	 2048	 2560	0.012184
  144	 2048	 2560	0.012160
  152	 2048	 2560	0.012125
  160	 2048	 2560	0.012171
  168	 2048	 2560	0.012150
  176	 2048	 2560	0.012162
  184	 2048	 2560	0.012171
  192	 2048	 2560	0.012164
  200	 2048	 2560	0.014942
  208	 2048	 2560	0.014915
  216	 2048	 2560	0.014912
  224	 2048	 2560	0.014890
  232	 2048	 2560	0.016315
  240	 2048	 2560	0.015014
  248	 2048	 2560	0.016277
  256	 2048	 2560	0.015039
  272	 2048	 2560	0.015108
  288	 2048	 2560	0.015116
  304	 2048	 2560	0.015124
  320	 2048	 2560	0.015162
  336	 2048	 2560	0.015139
  352	 2048	 2560	0.015124
  368	 2048	 2560	0.015162
  384	 2048	 2560	0.015175
  400	 2048	 2560	0.019616
  416	 2048	 2560	0.019633
  432	 2048	 2560	0.019628
  448	 2048	 2560	0.019644
  464	 2048	 2560	0.019726
  480	 2048	 2560	0.019735
  496	 2048	 2560	0.019738
  512	 2048	 2560	0.019780
  768	 2048	 2560	0.023106
 1024	 2048	 2560	0.029491
 1536	 2048	 2560	0.037458
 2048	 2048	 2560	0.061170
 3072	 2048	 2560	0.081352
 4096	 2048	 2560	0.121462
 7168	 2048	 2560	0.200059
 8192	 2048	 2560	0.200972
11264	 2048	 2560	0.275958
12280	 2048	 2560	0.332636
15360	 2048	 2560	0.398062
16384	 2048	 2560	0.392831
    1	 2048	 3072	0.009073
    2	 2048	 3072	0.010121
    4	 2048	 3072	0.009833
    8	 2048	 3072	0.009786
   16	 2048	 3072	0.009316
   24	 2048	 3072	0.009791
   32	 2048	 3072	0.009807
   40	 2048	 3072	0.011449
   48	 2048	 3072	0.011479
   56	 2048	 3072	0.011568
   64	 2048	 3072	0.011550
   72	 2048	 3072	0.011604
   80	 2048	 3072	0.011627
   88	 2048	 3072	0.015189
   96	 2048	 3072	0.015206
  104	 2048	 3072	0.012194
  112	 2048	 3072	0.012190
  120	 2048	 3072	0.012268
  128	 2048	 3072	0.012240
  136	 2048	 3072	0.015816
  144	 2048	 3072	0.015072
  152	 2048	 3072	0.015491
  160	 2048	 3072	0.015070
  168	 2048	 3072	0.015419
  176	 2048	 3072	0.015036
  184	 2048	 3072	0.015530
  192	 2048	 3072	0.015100
  200	 2048	 3072	0.015179
  208	 2048	 3072	0.015180
  216	 2048	 3072	0.015183
  224	 2048	 3072	0.015158
  232	 2048	 3072	0.016753
  240	 2048	 3072	0.015113
  248	 2048	 3072	0.016767
  256	 2048	 3072	0.015130
  272	 2048	 3072	0.015235
  288	 2048	 3072	0.015227
  304	 2048	 3072	0.015289
  320	 2048	 3072	0.015338
  336	 2048	 3072	0.019718
  352	 2048	 3072	0.019750
  368	 2048	 3072	0.019769
  384	 2048	 3072	0.019756
  400	 2048	 3072	0.019826
  416	 2048	 3072	0.019970
  432	 2048	 3072	0.020132
  448	 2048	 3072	0.020144
  464	 2048	 3072	0.020021
  480	 2048	 3072	0.020112
  496	 2048	 3072	0.020377
  512	 2048	 3072	0.020178
  768	 2048	 3072	0.029417
 1024	 2048	 3072	0.031442
 1536	 2048	 3072	0.054696
 2048	 2048	 3072	0.069968
 3072	 2048	 3072	0.106809
 4096	 2048	 3072	0.123598
 7168	 2048	 3072	0.238490
 8192	 2048	 3072	0.239598
11264	 2048	 3072	0.317171
12280	 2048	 3072	0.371019
15360	 2048	 3072	0.465691
16384	 2048	 3072	0.513620
    1	 2048	37984	0.065936
    2	 2048	37984	0.058509
    4	 2048	37984	0.058653
    8	 2048	37984	0.057828
   16	 2048	37984	0.058361
   24	 2048	37984	0.059490
   32	 2048	37984	0.060217
   40	 2048	37984	0.060102
   48	 2048	37984	0.060395
   56	 2048	37984	0.060901
   64	 2048	37984	0.061206
   72	 2048	37984	0.072426
   80	 2048	37984	0.074311
   88	 2048	37984	0.073808
   96	 2048	37984	0.073734
  104	 2048	37984	0.074138
  112	 2048	37984	0.073968
  120	 2048	37984	0.073767
  128	 2048	37984	0.075185
  136	 2048	37984	0.104347
  144	 2048	37984	0.104768
  152	 2048	37984	0.105172
  160	 2048	37984	0.104151
  168	 2048	37984	0.105775
  176	 2048	37984	0.105643
  184	 2048	37984	0.105381
  192	 2048	37984	0.105659
  200	 2048	37984	0.120381
  208	 2048	37984	0.120647
  216	 2048	37984	0.121739
  224	 2048	37984	0.122974
  232	 2048	37984	0.121048
  240	 2048	37984	0.120594
  248	 2048	37984	0.122624
  256	 2048	37984	0.121111
  272	 2048	37984	0.155254
  288	 2048	37984	0.153475
  304	 2048	37984	0.152455
  320	 2048	37984	0.153738
  336	 2048	37984	0.167118
  352	 2048	37984	0.164897
  368	 2048	37984	0.163643
  384	 2048	37984	0.162490
  400	 2048	37984	0.207790
  416	 2048	37984	0.213010
  432	 2048	37984	0.212351
  448	 2048	37984	0.211102
  464	 2048	37984	0.207967
  480	 2048	37984	0.209527
  496	 2048	37984	0.213256
  512	 2048	37984	0.214518
  768	 2048	37984	0.297474
 1024	 2048	37984	0.379984
 1536	 2048	37984	0.585994
 2048	 2048	37984	0.750776
 3072	 2048	37984	1.100761
 4096	 2048	37984	1.464852
 7168	 2048	37984	2.581471
 8192	 2048	37984	2.970735
11264	 2048	37984	4.058181
12280	 2048	37984	4.542989
15360	 2048	37984	5.567942
16384	 2048	37984	5.847169
  384	  384	  384	0.005271
 4096	 4096	 4096	0.292879
 1024	 1024	 1024	0.010384
 2048	 2048	 2048	0.039484
 4096	 4096	 4096	0.293609
