	    1	    4	 2048	0.370730	0.362300	0.515155	nan
	    2	    4	 2048	0.402375	0.397185	0.512826	nan
	    4	    4	 2048	0.403288	0.392927	0.528475	nan
	    8	    4	 2048	0.402684	0.402808	0.537883	nan
	   16	    4	 2048	0.414090	0.407981	0.515912	nan
	   24	    4	 2048	0.404523	0.412394	0.523945	nan
	   32	    4	 2048	0.405409	0.413401	0.544737	nan
	   40	    4	 2048	0.402491	0.409766	0.523137	nan
	   48	    4	 2048	0.410235	0.398924	0.545147	nan
	   56	    4	 2048	0.405568	0.405612	0.544637	nan
	   64	    4	 2048	0.407382	0.414676	0.544034	nan
	   72	    4	 2048	0.430354	0.423140	0.540672	nan
	   80	    4	 2048	0.438304	0.426713	0.547617	nan
	   88	    4	 2048	0.429667	0.428412	0.557063	nan
	   96	    4	 2048	0.427967	0.429842	0.558360	nan
	  104	    4	 2048	0.427735	0.433199	0.540323	nan
	  112	    4	 2048	0.437004	0.422549	0.537012	nan
	  120	    4	 2048	0.428050	0.422240	0.538248	nan
	  128	    4	 2048	0.428958	0.428552	0.539071	nan
	  136	    4	 2048	0.470241	0.454582	0.550849	nan
	  144	    4	 2048	0.472036	0.469716	0.553780	nan
	  152	    4	 2048	0.476080	0.463920	0.559840	nan
	  160	    4	 2048	0.475437	0.472253	0.546661	nan
	  168	    4	 2048	0.466801	0.406283	0.568072	nan
	  176	    4	 2048	0.466230	0.407225	0.550696	nan
	  184	    4	 2048	0.465892	0.414449	0.546102	nan
	  192	    4	 2048	0.475640	0.413756	0.549381	nan
	  200	    4	 2048	0.426075	0.419710	0.544849	nan
	  208	    4	 2048	0.416968	0.419864	0.550606	nan
	  216	    4	 2048	0.427887	0.417321	0.535260	nan
	  224	    4	 2048	0.417740	0.408572	0.548124	nan
	  232	    4	 2048	0.416622	0.409079	0.555936	nan
	  240	    4	 2048	0.425931	0.408651	0.556877	nan
	  248	    4	 2048	0.417382	0.413579	0.540014	nan
	  256	    4	 2048	0.414976	0.416294	0.584587	nan
	  272	    4	 2048	0.481858	0.473962	0.554440	nan
	  288	    4	 2048	0.482546	0.471415	0.571700	nan
	  304	    4	 2048	0.483378	0.499140	0.568751	nan
	  320	    4	 2048	0.483021	0.499868	0.587212	nan
	  336	    4	 2048	0.482763	0.477930	0.561341	nan
	  352	    4	 2048	0.480405	0.468926	0.562299	nan
	  368	    4	 2048	0.471282	0.494217	0.579050	nan
	  384	    4	 2048	0.479616	0.486031	0.576544	nan
	  400	    4	 2048	0.487152	0.474854	0.590740	nan
	  416	    4	 2048	0.485729	0.467635	0.578554	nan
	  432	    4	 2048	0.470642	0.477237	0.592963	nan
	  448	    4	 2048	0.480240	0.467583	0.592639	nan
	  464	    4	 2048	0.476701	0.472422	0.596760	nan
	  480	    4	 2048	0.474977	0.471945	0.584038	nan
	  496	    4	 2048	0.475888	0.464148	0.589565	nan
	  512	    4	 2048	0.464272	0.464166	0.591087	nan
	  768	    4	 2048	0.511677	0.512369	0.634881	nan
	 1024	    4	 2048	0.560196	0.556977	0.655587	nan
	 1536	    4	 2048	0.576090	0.618104	0.699931	nan
	 2048	    4	 2048	0.633873	0.632552	0.703307	nan
	 3072	    4	 2048	0.714403	0.720574	0.746387	nan
	 4096	    4	 2048	0.765479	0.763637	0.766656	nan
	 7168	    4	 2048	0.834903	0.830474	0.786562	nan
	 8192	    4	 2048	0.849247	0.841952	0.834215	nan
	11264	    4	 2048	0.877873	0.887680	0.911609	nan
	12288	    4	 2048	0.881424	0.902022	0.923858	nan
	15360	    4	 2048	0.902847	0.909983	0.939540	nan
	16384	    4	 2048	0.904136	0.929146	0.939342	nan
	    1	  128	 2048	0.447789	0.443656	0.519173	0.090298
	    2	  128	 2048	0.414279	0.451629	0.515642	0.085193
	    4	  128	 2048	0.424047	0.470978	0.511964	0.081819
	    8	  128	 2048	0.461235	0.468694	0.519818	0.084208
	   16	  128	 2048	0.471358	0.468988	0.507017	0.079851
	   24	  128	 2048	0.462733	0.470177	0.512761	0.082550
	   32	  128	 2048	0.471597	0.462074	0.520555	0.082312
	   40	  128	 2048	0.462654	0.464824	0.520660	0.085296
	   48	  128	 2048	0.455065	0.455343	0.523687	0.088492
	   56	  128	 2048	0.452420	0.468506	0.519732	0.087249
	   64	  128	 2048	0.453892	0.463140	0.516582	0.084775
	   72	  128	 2048	0.439078	0.460212	0.566521	0.095285
	   80	  128	 2048	0.438314	0.460585	0.536697	0.088530
	   88	  128	 2048	0.439747	0.469553	0.529245	0.090293
	   96	  128	 2048	0.448498	0.453203	0.526730	0.088860
	  104	  128	 2048	0.450465	0.467282	0.540589	0.095032
	  112	  128	 2048	0.441634	0.444510	0.530376	0.091898
	  120	  128	 2048	0.443648	0.460275	0.525986	0.089636
	  128	  128	 2048	0.450624	0.456115	0.518406	0.091270
	  136	  128	 2048	0.491186	0.477849	0.527187	0.102547
	  144	  128	 2048	0.500734	0.472816	0.527442	0.103917
	  152	  128	 2048	0.493747	0.469695	0.543247	0.102685
	  160	  128	 2048	0.502933	0.471910	0.542895	0.100549
	  168	  128	 2048	0.504897	0.438889	0.548198	0.101371
	  176	  128	 2048	0.494784	0.428302	0.529177	0.100171
	  184	  128	 2048	0.483686	0.417985	0.532213	0.096135
	  192	  128	 2048	0.490801	0.429753	0.525646	0.094109
	  200	  128	 2048	0.453837	0.468817	0.546400	0.100654
	  208	  128	 2048	0.466321	0.456232	0.535866	0.101817
	  216	  128	 2048	0.452988	0.482081	0.543593	0.102376
	  224	  128	 2048	0.466792	0.479859	0.541023	0.101463
	  232	  128	 2048	0.439962	0.476734	0.534865	0.102312
	  240	  128	 2048	0.446699	0.480999	0.528332	0.095995
	  248	  128	 2048	0.449359	0.477732	0.540912	0.096924
	  256	  128	 2048	0.446484	0.474621	0.533733	0.096732
	  272	  128	 2048	0.515980	0.534189	0.548686	0.098021
	  288	  128	 2048	0.517909	0.543677	0.556359	0.096302
	  304	  128	 2048	0.545956	0.564620	0.556502	0.098162
	  320	  128	 2048	0.554595	0.557388	0.542167	0.099117
	  336	  128	 2048	0.522116	0.519506	0.546532	0.095345
	  352	  128	 2048	0.514378	0.490716	0.549756	0.101804
	  368	  128	 2048	0.543872	0.467014	0.563701	0.104782
	  384	  128	 2048	0.550314	0.465024	0.562500	0.103070
	  400	  128	 2048	0.508533	0.513173	0.562721	0.105611
	  416	  128	 2048	0.517037	0.523402	0.560174	0.111048
	  432	  128	 2048	0.507464	0.528529	0.551505	0.103365
	  448	  128	 2048	0.509781	0.532679	0.549078	0.100756
	  464	  128	 2048	0.511017	0.476376	0.565611	0.109122
	  480	  128	 2048	0.513358	0.475762	0.563530	0.107095
	  496	  128	 2048	0.546513	0.472583	0.559166	0.101077
	  512	  128	 2048	0.536473	0.481026	0.546849	0.098796
	  768	  128	 2048	0.542673	0.527636	0.596180	0.129339
	 1024	  128	 2048	0.552017	0.522653	0.604518	0.136811
	 1536	  128	 2048	0.605099	0.624380	0.643192	0.153266
	 2048	  128	 2048	0.612408	0.608221	0.639343	0.183210
	 3072	  128	 2048	0.654449	0.665933	0.724767	0.234331
	 4096	  128	 2048	0.713742	0.709830	0.729889	0.301338
	 7168	  128	 2048	0.831834	0.819814	0.835174	0.498142
	 8192	  128	 2048	0.847650	0.853098	0.871965	0.505440
	11264	  128	 2048	0.881954	0.884536	0.911454	0.666362
	12280	  128	 2048	0.887387	0.891455	0.914007	0.749721
	15360	  128	 2048	0.904968	0.913272	0.926651	0.875587
	16384	  128	 2048	0.895562	0.907439	0.920683	0.892145
	    1	 1024	 2048	0.501057	0.543267	0.569516	0.161419
	    2	 1024	 2048	0.547203	0.534731	0.599295	0.150703
	    4	 1024	 2048	0.548140	0.501108	0.554636	0.151679
	    8	 1024	 2048	0.542305	0.567045	0.579811	0.157316
	   16	 1024	 2048	0.537342	0.557044	0.577041	0.155553
	   24	 1024	 2048	0.536100	0.550765	0.595026	0.148052
	   32	 1024	 2048	0.530800	0.547774	0.571440	0.141703
	   40	 1024	 2048	0.536973	0.543220	0.598566	0.141288
	   48	 1024	 2048	0.541314	0.539003	0.585307	0.136685
	   56	 1024	 2048	0.530406	0.548339	0.603280	0.134991
	   64	 1024	 2048	0.533921	0.553277	0.603582	0.139474
	   72	 1024	 2048	0.596819	0.540846	0.672743	0.195983
	   80	 1024	 2048	0.595862	0.555896	0.691749	0.190966
	   88	 1024	 2048	0.590109	0.556757	0.608812	0.177667
	   96	 1024	 2048	0.597222	0.557050	0.609083	0.179812
	  104	 1024	 2048	0.572130	0.552993	0.689650	0.170511
	  112	 1024	 2048	0.577845	0.549549	0.627248	0.157126
	  120	 1024	 2048	0.579346	0.557255	0.628509	0.147472
	  128	 1024	 2048	0.584943	0.559534	0.566471	0.142805
	  136	 1024	 2048	0.593885	0.562794	0.652825	0.172687
	  144	 1024	 2048	0.596094	0.567171	0.632362	0.169670
	  152	 1024	 2048	0.595574	0.553933	0.642112	0.170121
	  160	 1024	 2048	0.603739	0.559254	0.635725	0.162988
	  168	 1024	 2048	0.603308	0.563073	0.618219	0.211588
	  176	 1024	 2048	0.603924	0.562426	0.614976	0.212664
	  184	 1024	 2048	0.592671	0.553567	0.611518	0.195292
	  192	 1024	 2048	0.601893	0.566297	0.605401	0.189818
	  200	 1024	 2048	0.603278	0.558293	0.690749	0.174569
	  208	 1024	 2048	0.606098	0.559786	0.656863	0.172746
	  216	 1024	 2048	0.605225	0.555940	0.638504	0.171384
	  224	 1024	 2048	0.598635	0.566504	0.650325	0.159470
	  232	 1024	 2048	0.579960	0.503885	0.637396	0.234178
	  240	 1024	 2048	0.580636	0.501584	0.633048	0.208563
	  248	 1024	 2048	0.586516	0.499921	0.620674	0.191259
	  256	 1024	 2048	0.587312	0.496464	0.589317	0.191581
	  272	 1024	 2048	0.665638	0.622885	0.657812	0.215433
	  288	 1024	 2048	0.667347	0.634987	0.635518	0.211010
	  304	 1024	 2048	0.668447	0.616384	0.638665	0.196516
	  320	 1024	 2048	0.674473	0.623813	0.640964	0.194533
	  336	 1024	 2048	0.663323	0.634558	0.668502	0.216842
	  352	 1024	 2048	0.670951	0.635357	0.665695	0.217273
	  368	 1024	 2048	0.659555	0.665475	0.661208	0.203926
	  384	 1024	 2048	0.658436	0.654163	0.604450	0.201139
	  400	 1024	 2048	0.670324	0.629471	0.677091	0.228739
	  416	 1024	 2048	0.679288	0.630692	0.664428	0.225719
	  432	 1024	 2048	0.676920	0.622073	0.650775	0.205407
	  448	 1024	 2048	0.673609	0.637973	0.638100	0.207853
	  464	 1024	 2048	0.672520	0.631988	0.678942	0.229190
	  480	 1024	 2048	0.666598	0.635847	0.648061	0.216517
	  496	 1024	 2048	0.673304	0.645408	0.654394	0.178703
	  512	 1024	 2048	0.671104	0.649444	0.609847	0.175388
	  768	 1024	 2048	0.745049	0.602167	0.774796	0.249211
	 1024	 1024	 2048	0.677821	0.587637	0.828658	0.262946
	 1536	 1024	 2048	0.796384	0.760298	0.708943	0.378671
	 2048	 1024	 2048	0.803053	0.763784	0.652035	0.422507
	 3072	 1024	 2048	0.866023	0.854516	0.860344	0.563551
	 4096	 1024	 2048	0.922165	0.963940	0.901179	0.818713
	 7168	 1024	 2048	0.958226	1.005204	0.948825	0.971369
	 8192	 1024	 2048	1.011480	0.978611	0.982392	0.980060
	11264	 1024	 2048	1.072766	1.027655	0.973047	0.999133
	12280	 1024	 2048	1.116726	1.006298	0.983154	0.987503
	15360	 1024	 2048	1.064133	1.027679	1.007123	1.005564
	16384	 1024	 2048	1.026929	1.016310	0.989464	1.025340
	    1	 2048	    1	0.627398	0.628175	0.677285	nan
	    2	 2048	    1	0.653479	0.663765	0.709238	nan
	    4	 2048	    1	0.658492	0.661174	0.687121	nan
	    8	 2048	    1	0.643195	0.654447	0.707106	nan
	   16	 2048	    1	0.639268	0.661778	0.684817	nan
	   24	 2048	    1	0.648284	0.645083	0.717391	nan
	   32	 2048	    1	0.635023	0.652350	0.674055	nan
	   40	 2048	    1	0.635947	0.646029	0.715484	nan
	   48	 2048	    1	0.637825	0.650147	0.672051	nan
	   56	 2048	    1	0.641469	0.647938	0.708576	nan
	   64	 2048	    1	0.632285	0.648769	0.672346	nan
	   72	 2048	    1	0.640136	0.644811	0.706899	nan
	   80	 2048	    1	0.643869	0.648453	0.672932	nan
	   88	 2048	    1	0.650353	0.647805	0.707690	nan
	   96	 2048	    1	0.636824	0.650358	0.673822	nan
	  104	 2048	    1	0.640177	0.643883	0.703130	nan
	  112	 2048	    1	0.640616	0.650968	0.681691	nan
	  120	 2048	    1	0.648223	0.638475	0.701768	nan
	  128	 2048	    1	0.639481	0.648338	0.713312	nan
	  136	 2048	    1	0.639949	0.653472	0.695937	nan
	  144	 2048	    1	0.627371	0.645559	0.698190	nan
	  152	 2048	    1	0.641167	0.657750	0.737015	nan
	  160	 2048	    1	0.650534	0.658100	0.726156	nan
	  168	 2048	    1	0.639463	0.645961	0.691744	nan
	  176	 2048	    1	0.636277	0.650759	0.701243	nan
	  184	 2048	    1	0.637636	0.640307	0.736222	nan
	  192	 2048	    1	0.646684	0.654809	0.735611	nan
	  200	 2048	    1	0.647873	0.652270	0.701711	nan
	  208	 2048	    1	0.645580	0.647059	0.690761	nan
	  216	 2048	    1	0.651995	0.653902	0.731202	nan
	  224	 2048	    1	0.656133	0.665083	0.737544	nan
	  232	 2048	    1	0.666667	0.675231	0.695789	nan
	  240	 2048	    1	0.659529	0.669884	0.730587	nan
	  248	 2048	    1	0.660987	0.673482	0.689046	nan
	  256	 2048	    1	0.663384	0.660351	0.732613	nan
	  272	 2048	    1	0.672077	0.670119	0.708327	nan
	  288	 2048	    1	0.672810	0.670268	0.702881	nan
	  304	 2048	    1	0.668578	0.673264	0.703957	nan
	  320	 2048	    1	0.668254	0.672915	0.739130	nan
	  336	 2048	    1	0.664822	0.672425	0.746711	nan
	  352	 2048	    1	0.672001	0.680480	0.692928	nan
	  368	 2048	    1	0.664511	0.664481	0.755040	nan
	  384	 2048	    1	0.660247	0.675801	0.708171	nan
	  400	 2048	    1	0.653835	0.668326	0.763315	nan
	  416	 2048	    1	0.666420	0.675353	0.743394	nan
	  432	 2048	    1	0.659696	0.657972	0.772525	nan
	  448	 2048	    1	0.659430	0.673051	0.733766	nan
	  464	 2048	    1	0.656677	0.668227	0.766168	nan
	  480	 2048	    1	0.671831	0.670799	0.744254	nan
	  496	 2048	    1	0.668849	0.668035	0.762121	nan
	  512	 2048	    1	0.679055	0.677319	0.737770	nan
	  768	 2048	    1	0.711083	0.682991	0.763254	nan
	 1024	 2048	    1	0.753315	0.706087	0.785601	nan
	 1536	 2048	    1	0.730010	0.720087	0.799925	nan
	 2048	 2048	    1	0.737133	0.748448	0.823589	nan
	 3072	 2048	    1	0.803077	0.803483	0.860945	nan
	 4096	 2048	    1	0.810026	0.822450	0.896608	nan
	 7168	 2048	    1	0.851650	0.860147	0.901790	nan
	 8192	 2048	    1	0.868510	0.866310	0.871454	nan
	11264	 2048	    1	0.916079	0.938348	0.904785	nan
	12280	 2048	    1	0.913020	0.955018	0.915328	nan
	15360	 2048	    1	0.932329	0.944928	0.929840	nan
	16384	 2048	    1	0.960226	0.925082	0.903822	nan
	    1	 2048	   16	0.671960	0.658167	0.689228	0.184326
	    2	 2048	   16	0.693504	0.697117	0.698797	0.179154
	    4	 2048	   16	0.687480	0.692092	0.687123	0.188570
	    8	 2048	   16	0.689778	0.701178	0.693784	0.185033
	   16	 2048	   16	0.689502	0.699972	0.690524	0.190281
	   24	 2048	   16	0.688245	0.703048	0.656873	0.193573
	   32	 2048	   16	0.688872	0.691651	0.691457	0.200522
	   40	 2048	   16	0.690311	0.703767	0.682560	0.203740
	   48	 2048	   16	0.685854	0.688931	0.680964	0.206202
	   56	 2048	   16	0.695891	0.699563	0.684365	0.213135
	   64	 2048	   16	0.697325	0.677136	0.682490	0.213861
	   72	 2048	   16	0.695464	0.706131	0.662606	0.208780
	   80	 2048	   16	0.697234	0.700381	0.663686	0.216911
	   88	 2048	   16	0.700730	0.697745	0.667872	0.216982
	   96	 2048	   16	0.693939	0.703956	0.658179	0.211952
	  104	 2048	   16	0.694347	0.702623	0.661067	0.232660
	  112	 2048	   16	0.689401	0.698914	0.668082	0.236032
	  120	 2048	   16	0.704534	0.699009	0.627815	0.225440
	  128	 2048	   16	0.696277	0.704342	0.619162	0.231632
	  136	 2048	   16	0.688868	0.697054	0.639877	0.216058
	  144	 2048	   16	0.689726	0.694392	0.622282	0.214422
	  152	 2048	   16	0.714304	0.688550	0.628902	0.218397
	  160	 2048	   16	0.712767	0.689142	0.632477	0.215131
	  168	 2048	   16	0.705425	0.721056	0.667023	0.217371
	  176	 2048	   16	0.705882	0.712673	0.667903	0.214603
	  184	 2048	   16	0.711906	0.709798	0.665271	0.217067
	  192	 2048	   16	0.703068	0.716957	0.661094	0.211483
	  200	 2048	   16	0.702183	0.706666	0.658511	0.207920
	  208	 2048	   16	0.706740	0.704073	0.661295	0.212347
	  216	 2048	   16	0.714644	0.704788	0.666871	0.210839
	  224	 2048	   16	0.706792	0.704355	0.655996	0.208733
	  232	 2048	   16	0.714522	0.707636	0.638915	0.207338
	  240	 2048	   16	0.704710	0.706165	0.661249	0.213574
	  248	 2048	   16	0.702851	0.710368	0.651762	0.208976
	  256	 2048	   16	0.696628	0.701436	0.661306	0.217513
	  272	 2048	   16	0.715749	0.701933	0.664456	0.215154
	  288	 2048	   16	0.709141	0.690538	0.661217	0.213704
	  304	 2048	   16	0.712958	0.712213	0.655203	0.214584
	  320	 2048	   16	0.713897	0.711439	0.653330	0.210150
	  336	 2048	   16	0.708598	0.688583	0.666093	0.214773
	  352	 2048	   16	0.706617	0.682445	0.664822	0.214590
	  368	 2048	   16	0.704987	0.694640	0.679320	0.231637
	  384	 2048	   16	0.707057	0.679292	0.677815	0.228374
	  400	 2048	   16	0.711480	0.682736	0.688307	0.213899
	  416	 2048	   16	0.714086	0.675736	0.678121	0.215776
	  432	 2048	   16	0.705444	0.683040	0.670401	0.232889
	  448	 2048	   16	0.711368	0.679203	0.674624	0.231615
	  464	 2048	   16	0.707377	0.679642	0.664694	0.239278
	  480	 2048	   16	0.711939	0.674823	0.672488	0.236861
	  496	 2048	   16	0.714482	0.687612	0.663094	0.214624
	  512	 2048	   16	0.712355	0.674113	0.673635	0.217172
	  768	 2048	   16	0.731099	0.693763	0.673577	0.218274
	 1024	 2048	   16	0.726326	0.685577	0.669000	0.215383
	 1536	 2048	   16	0.704836	0.667283	0.682872	0.255860
	 2048	 2048	   16	0.688157	0.664779	0.648110	0.228779
	 3072	 2048	   16	0.712711	0.686437	0.699220	0.235981
	 4096	 2048	   16	0.712032	0.660994	0.603781	0.252862
	 7168	 2048	   16	0.741506	0.713296	0.603724	0.314386
	 8192	 2048	   16	0.722894	0.717133	0.598284	0.332763
	11264	 2048	   16	0.794434	0.821975	0.690083	0.537339
	12280	 2048	   16	0.833955	0.836079	0.736004	0.585414
	15360	 2048	   16	0.872816	0.826381	0.760145	0.718552
	16384	 2048	   16	0.900464	0.825619	0.762652	0.696791
	    1	 2048	  512	0.586749	0.604997	0.652664	0.187167
	    2	 2048	  512	0.659135	0.610786	0.670125	0.184470
	    4	 2048	  512	0.617573	0.617940	0.604453	0.183171
	    8	 2048	  512	0.647654	0.616969	0.604808	0.219988
	   16	 2048	  512	0.618869	0.617581	0.679212	0.179679
	   24	 2048	  512	0.650436	0.617044	0.645753	0.193403
	   32	 2048	  512	0.651509	0.621562	0.659726	0.197960
	   40	 2048	  512	0.617967	0.624755	0.649640	0.234337
	   48	 2048	  512	0.627726	0.610041	0.658469	0.238404
	   56	 2048	  512	0.625606	0.622497	0.653806	0.234112
	   64	 2048	  512	0.620411	0.620332	0.656930	0.235847
	   72	 2048	  512	0.620739	0.618037	0.666118	0.196239
	   80	 2048	  512	0.622528	0.624049	0.645598	0.188280
	   88	 2048	  512	0.626742	0.595160	0.655931	0.194980
	   96	 2048	  512	0.621396	0.624803	0.648701	0.197060
	  104	 2048	  512	0.620852	0.670728	0.667597	0.195943
	  112	 2048	  512	0.622905	0.672007	0.677586	0.196578
	  120	 2048	  512	0.621143	0.669880	0.659312	0.198185
	  128	 2048	  512	0.621528	0.678980	0.649150	0.189785
	  136	 2048	  512	0.632100	0.625644	0.659501	0.196946
	  144	 2048	  512	0.630742	0.625365	0.659734	0.198175
	  152	 2048	  512	0.628442	0.618382	0.683683	0.193998
	  160	 2048	  512	0.624198	0.625842	0.678367	0.197334
	  168	 2048	  512	0.621590	0.624487	0.671429	0.192201
	  176	 2048	  512	0.624029	0.616801	0.676658	0.193881
	  184	 2048	  512	0.628742	0.626255	0.666813	0.196060
	  192	 2048	  512	0.624472	0.618203	0.685811	0.200007
	  200	 2048	  512	0.629158	0.626917	0.670238	0.185743
	  208	 2048	  512	0.599556	0.633881	0.681233	0.200472
	  216	 2048	  512	0.622252	0.628998	0.666643	0.195409
	  224	 2048	  512	0.630926	0.619261	0.680585	0.200906
	  232	 2048	  512	0.618770	0.674375	0.682406	0.195807
	  240	 2048	  512	0.624406	0.667459	0.678535	0.194922
	  248	 2048	  512	0.625365	0.664604	0.689121	0.196472
	  256	 2048	  512	0.625382	0.677923	0.665685	0.195762
	  272	 2048	  512	0.714132	0.671614	0.681630	0.212887
	  288	 2048	  512	0.714997	0.671813	0.674703	0.205607
	  304	 2048	  512	0.719914	0.667033	0.679129	0.190703
	  320	 2048	  512	0.718884	0.645917	0.689497	0.190499
	  336	 2048	  512	0.721164	0.643051	0.693756	0.220846
	  352	 2048	  512	0.707965	0.658750	0.669151	0.211785
	  368	 2048	  512	0.722121	0.673173	0.690058	0.212087
	  384	 2048	  512	0.712159	0.663862	0.676145	0.201466
	  400	 2048	  512	0.715298	0.659778	0.685445	0.228093
	  416	 2048	  512	0.709086	0.664194	0.661641	0.228357
	  432	 2048	  512	0.716751	0.653482	0.689888	0.222386
	  448	 2048	  512	0.712558	0.638252	0.678113	0.205791
	  464	 2048	  512	0.708048	0.656674	0.683473	0.251815
	  480	 2048	  512	0.705037	0.641762	0.674891	0.238884
	  496	 2048	  512	0.704162	0.664831	0.691490	0.289241
	  512	 2048	  512	0.698975	0.662130	0.676334	0.284353
	  768	 2048	  512	0.706026	0.535305	0.667117	0.223841
	 1024	 2048	  512	0.694710	0.637748	0.627068	0.245003
	 1536	 2048	  512	0.753796	0.667376	0.726703	0.284285
	 2048	 2048	  512	0.743778	0.638107	0.640293	0.284805
	 3072	 2048	  512	0.819214	0.671529	0.814460	0.423479
	 4096	 2048	  512	0.821079	0.630917	0.625237	0.409856
	 7168	 2048	  512	0.944209	0.884356	0.831577	0.712748
	 8192	 2048	  512	0.983401	0.898388	0.870695	0.790044
	11264	 2048	  512	0.988470	0.917608	0.908913	0.858955
	12280	 2048	  512	1.002532	0.940888	0.927380	0.889564
	15360	 2048	  512	1.025793	0.982721	0.978166	0.925401
	16384	 2048	  512	1.027123	1.006037	0.988594	0.902359
	    1	 2048	 2560	0.582602	0.584711	0.618355	0.233262
	    2	 2048	 2560	0.633657	0.561396	0.629968	0.240965
	    4	 2048	 2560	0.618248	0.579324	0.620766	0.232486
	    8	 2048	 2560	0.613804	0.547530	0.607966	0.225927
	   16	 2048	 2560	0.617813	0.577222	0.606593	0.228924
	   24	 2048	 2560	0.605495	0.562370	0.604249	0.225106
	   32	 2048	 2560	0.617856	0.543945	0.610100	0.226328
	   40	 2048	 2560	0.615148	0.561280	0.634214	0.222726
	   48	 2048	 2560	0.609981	0.565659	0.647132	0.203670
	   56	 2048	 2560	0.671809	0.679963	0.610015	0.191268
	   64	 2048	 2560	0.675289	0.679349	0.634198	0.188293
	   72	 2048	 2560	0.674281	0.616941	0.674089	0.340260
	   80	 2048	 2560	0.683743	0.608516	0.667535	0.303624
	   88	 2048	 2560	0.662808	0.618013	0.651980	0.282922
	   96	 2048	 2560	0.668293	0.616977	0.632296	0.263885
	  104	 2048	 2560	0.662800	0.617686	0.625000	0.318155
	  112	 2048	 2560	0.668240	0.612158	0.625293	0.295621
	  120	 2048	 2560	0.663226	0.614465	0.617726	0.270813
	  128	 2048	 2560	0.666870	0.609164	0.612182	0.252814
	  136	 2048	 2560	0.675163	0.625309	0.777993	0.267632
	  144	 2048	 2560	0.678912	0.611868	0.744775	0.261027
	  152	 2048	 2560	0.667639	0.619772	0.726000	0.250092
	  160	 2048	 2560	0.671615	0.613942	0.688764	0.245908
	  168	 2048	 2560	0.664479	0.570695	0.660122	0.242840
	  176	 2048	 2560	0.676719	0.621397	0.643390	0.242234
	  184	 2048	 2560	0.668479	0.625483	0.634497	0.235939
	  192	 2048	 2560	0.670895	0.618572	0.630019	0.226068
	  200	 2048	 2560	0.712848	0.679188	0.685432	0.359723
	  208	 2048	 2560	0.712784	0.683727	0.673444	0.345671
	  216	 2048	 2560	0.707400	0.667208	0.690627	0.346278
	  224	 2048	 2560	0.707599	0.677194	0.667044	0.347015
	  232	 2048	 2560	0.773369	0.733140	0.657712	0.332642
	  240	 2048	 2560	0.749800	0.733439	0.661525	0.320794
	  248	 2048	 2560	0.776389	0.736644	0.668262	0.305322
	  256	 2048	 2560	0.747428	0.729812	0.665164	0.310124
	  272	 2048	 2560	0.748699	0.667830	0.720436	0.389034
	  288	 2048	 2560	0.752714	0.687974	0.714631	0.367088
	  304	 2048	 2560	0.753600	0.689795	0.678500	0.333672
	  320	 2048	 2560	0.749815	0.681658	0.678549	0.315377
	  336	 2048	 2560	0.743748	0.675569	0.763605	0.412044
	  352	 2048	 2560	0.743925	0.682336	0.732912	0.382239
	  368	 2048	 2560	0.739033	0.653973	0.688180	0.283643
	  384	 2048	 2560	0.744091	0.649078	0.676480	0.276746
	  400	 2048	 2560	0.809675	0.793091	0.918329	0.440388
	  416	 2048	 2560	0.802493	0.782127	0.888487	0.433883
	  432	 2048	 2560	0.809602	0.791720	0.868608	0.414823
	  448	 2048	 2560	0.805742	0.787754	0.865388	0.416101
	  464	 2048	 2560	0.810003	0.784299	0.944648	0.415579
	  480	 2048	 2560	0.807091	0.775439	0.920423	0.416002
	  496	 2048	 2560	0.803305	0.742026	0.931811	0.410688
	  512	 2048	 2560	0.807611	0.736143	0.916686	0.409224
	  768	 2048	 2560	0.825273	0.615233	0.671134	0.410459
	 1024	 2048	 2560	0.860423	0.855532	0.833951	0.618768
	 1536	 2048	 2560	0.901755	0.864735	0.858061	0.871710
	 2048	 2048	 2560	0.973022	0.903497	1.039717	0.909175
	 3072	 2048	 2560	1.030646	1.023124	0.984606	0.944770
	 4096	 2048	 2560	1.057773	1.045770	0.995778	0.983233
	 7168	 2048	 2560	1.074690	1.025859	1.005412	0.996073
	 8192	 2048	 2560	1.046369	0.992006	0.998958	1.008490
	11264	 2048	 2560	1.008884	1.000332	1.010570	1.035672
	12280	 2048	 2560	1.078429	0.982873	1.021052	1.011414
	15360	 2048	 2560	1.061989	0.968890	1.005802	1.049423
	16384	 2048	 2560	1.040130	1.004702	1.012937	0.989996
	    1	 2048	 3072	0.582088	0.555441	0.606199	0.269797
	    2	 2048	 3072	0.627464	0.563014	0.578119	0.270562
	    4	 2048	 3072	0.600819	0.560178	0.612818	0.267394
	    8	 2048	 3072	0.610328	0.564980	0.552732	0.228828
	   16	 2048	 3072	0.573433	0.564099	0.562590	0.222712
	   24	 2048	 3072	0.602597	0.538667	0.599036	0.219472
	   32	 2048	 3072	0.598572	0.551996	0.599138	0.224177
	   40	 2048	 3072	0.668165	0.607789	0.623928	0.248858
	   48	 2048	 3072	0.670228	0.594203	0.618832	0.216671
	   56	 2048	 3072	0.680031	0.605031	0.614160	0.187972
	   64	 2048	 3072	0.662499	0.602045	0.612476	0.192589
	   72	 2048	 3072	0.671178	0.613111	0.749715	0.291610
	   80	 2048	 3072	0.662960	0.599951	0.687217	0.277400
	   88	 2048	 3072	0.737867	0.601524	0.697873	0.262493
	   96	 2048	 3072	0.733632	0.600256	0.683790	0.259384
	  104	 2048	 3072	0.668128	0.600295	0.652826	0.365658
	  112	 2048	 3072	0.661996	0.592023	0.605119	0.319324
	  120	 2048	 3072	0.671814	0.602314	0.591513	0.279554
	  128	 2048	 3072	0.666957	0.593060	0.597887	0.268808
	  136	 2048	 3072	0.773966	0.682081	0.692004	0.361137
	  144	 2048	 3072	0.743159	0.666426	0.654653	0.344046
	  152	 2048	 3072	0.749154	0.668474	0.635456	0.339355
	  160	 2048	 3072	0.743610	0.666056	0.662071	0.343678
	  168	 2048	 3072	0.745419	0.675316	0.630289	0.326835
	  176	 2048	 3072	0.742812	0.664272	0.632866	0.318370
	  184	 2048	 3072	0.755167	0.676920	0.727717	0.307624
	  192	 2048	 3072	0.743586	0.664068	0.632087	0.304671
	  200	 2048	 3072	0.716802	0.680406	0.712563	0.391295
	  208	 2048	 3072	0.709943	0.660868	0.688546	0.379973
	  216	 2048	 3072	0.710648	0.672890	0.692471	0.355683
	  224	 2048	 3072	0.709312	0.661461	0.661310	0.367828
	  232	 2048	 3072	0.778051	0.733457	0.666052	0.333260
	  240	 2048	 3072	0.743348	0.726830	0.644178	0.321986
	  248	 2048	 3072	0.776861	0.728937	0.641129	0.307611
	  256	 2048	 3072	0.734644	0.723404	0.608234	0.302232
	  272	 2048	 3072	0.745425	0.675180	0.753683	0.427563
	  288	 2048	 3072	0.741226	0.660017	0.722337	0.390650
	  304	 2048	 3072	0.748031	0.668395	0.681488	0.337213
	  320	 2048	 3072	0.745106	0.662229	0.659688	0.320898
	  336	 2048	 3072	0.799530	0.780424	0.901323	0.425942
	  352	 2048	 3072	0.804579	0.780277	0.887984	0.429768
	  368	 2048	 3072	0.810770	0.774386	0.846984	0.420738
	  384	 2048	 3072	0.804332	0.780895	0.860903	0.411803
	  400	 2048	 3072	0.802347	0.786601	0.916132	0.451277
	  416	 2048	 3072	0.803266	0.779834	0.903210	0.448904
	  432	 2048	 3072	0.818640	0.795670	0.897269	0.414096
	  448	 2048	 3072	0.813965	0.785323	0.838135	0.414761
	  464	 2048	 3072	0.804929	0.793326	1.004522	0.412754
	  480	 2048	 3072	0.803869	0.770876	0.953393	0.409378
	  496	 2048	 3072	0.820363	0.728970	0.965670	0.399633
	  512	 2048	 3072	0.804545	0.734346	0.671183	0.392044
	  768	 2048	 3072	0.861633	0.837237	0.769127	0.512642
	 1024	 2048	 3072	0.910887	0.850371	0.931828	0.610582
	 1536	 2048	 3072	0.900924	0.905393	0.939511	0.871380
	 2048	 2048	 3072	0.999900	0.989899	1.017858	0.941225
	 3072	 2048	 3072	1.009709	1.037438	1.004672	0.954073
	 4096	 2048	 3072	1.044546	1.014390	0.996849	1.006885
	 7168	 2048	 3072	1.078813	1.027750	1.027842	1.032606
	 8192	 2048	 3072	1.050961	0.977952	1.020544	1.005823
	11264	 2048	 3072	1.041896	1.020898	1.018088	0.976364
	12280	 2048	 3072	1.040006	0.992198	1.031298	0.997691
	15360	 2048	 3072	1.057000	1.018343	1.026124	0.981773
	16384	 2048	 3072	1.005464	1.024949	1.020893	0.979587
	    1	 2048	37984	0.866348	0.828476	0.825724	0.812266
	    2	 2048	37984	0.814140	0.827286	0.825706	0.773755
	    4	 2048	37984	0.828444	0.815293	0.819366	0.780191
	    8	 2048	37984	0.820279	0.822434	0.833348	0.779239
	   16	 2048	37984	0.824436	0.821299	0.834073	0.809037
	   24	 2048	37984	0.829025	0.835367	0.805533	0.809593
	   32	 2048	37984	0.838934	0.834966	0.884451	0.828569
	   40	 2048	37984	0.837764	0.841206	0.834105	0.820749
	   48	 2048	37984	0.838831	0.843309	0.847392	0.821980
	   56	 2048	37984	0.843621	0.842767	0.863469	0.831474
	   64	 2048	37984	0.847400	0.847059	0.865413	0.830661
	   72	 2048	37984	0.884171	0.872226	0.873285	0.852553
	   80	 2048	37984	0.906022	0.875920	0.871163	0.835741
	   88	 2048	37984	0.897089	0.876841	0.874784	0.844194
	   96	 2048	37984	0.894114	0.880850	0.876570	0.854099
	  104	 2048	37984	0.897946	0.877841	0.879211	0.859148
	  112	 2048	37984	0.894478	0.882346	0.842744	0.861766
	  120	 2048	37984	0.889509	0.873827	0.875066	0.868155
	  128	 2048	37984	0.900527	0.889109	0.871104	0.874706
	  136	 2048	37984	0.959963	0.960962	0.934823	0.949045
	  144	 2048	37984	0.960663	0.962270	0.928481	0.904391
	  152	 2048	37984	0.966495	0.946723	0.924016	0.887806
	  160	 2048	37984	0.952429	0.973656	0.921717	0.895628
	  168	 2048	37984	0.967971	0.955535	0.916746	0.890714
	  176	 2048	37984	0.965279	0.973766	0.921682	0.890669
	  184	 2048	37984	0.962507	0.952231	0.916663	0.888249
	  192	 2048	37984	0.967857	0.983719	0.928410	0.892179
	  200	 2048	37984	1.008275	0.946060	0.931397	0.934762
	  208	 2048	37984	1.009049	0.981468	0.928499	0.931103
	  216	 2048	37984	1.015829	0.978885	0.929292	0.935000
	  224	 2048	37984	1.026597	0.975682	0.933243	0.930704
	  232	 2048	37984	1.008280	0.961321	0.941462	0.932711
	  240	 2048	37984	1.004465	0.989752	0.942431	0.951026
	  248	 2048	37984	1.017247	0.992143	0.942111	0.948201
	  256	 2048	37984	1.005588	0.988978	0.945985	0.947339
	  272	 2048	37984	1.042435	1.036529	0.968945	0.946896
	  288	 2048	37984	1.032174	1.045289	0.970110	0.933373
	  304	 2048	37984	1.020571	1.019383	0.963224	0.941475
	  320	 2048	37984	1.028368	1.015437	0.968325	0.943660
	  336	 2048	37984	1.072225	1.042108	0.976449	0.966182
	  352	 2048	37984	1.058457	1.038479	0.981962	0.965946
	  368	 2048	37984	1.042345	1.013168	0.987408	0.969682
	  384	 2048	37984	1.036659	1.013616	0.975483	0.977373
	  400	 2048	37984	1.089200	1.025656	0.988204	0.970066
	  416	 2048	37984	1.106350	1.040107	0.992634	0.976897
	  432	 2048	37984	1.097932	1.030739	0.997140	0.978724
	  448	 2048	37984	1.099535	1.040969	0.990567	0.975670
	  464	 2048	37984	1.052720	1.049249	0.996419	0.967795
	  480	 2048	37984	1.064172	1.024930	0.994031	0.983316
	  496	 2048	37984	1.071380	1.012383	1.024983	0.992161
	  512	 2048	37984	1.092913	1.029506	1.015760	0.974178
	  768	 2048	37984	1.072199	1.029430	1.016231	0.987396
	 1024	 2048	37984	1.010956	1.009376	1.063416	0.993818
	 1536	 2048	37984	1.025399	1.025059	0.998142	0.998004
	 2048	 2048	37984	1.023349	1.002429	1.014808	0.951794
	 3072	 2048	37984	1.017163	1.022560	0.999509	0.969732
	 4096	 2048	37984	1.007323	0.955341	0.966052	0.971676
	 7168	 2048	37984	0.981483	0.981198	0.971110	0.948642
	 8192	 2048	37984	1.021061	0.981872	0.999662	0.979553
	11264	 2048	37984	1.005527	1.055258	1.062820	0.995539
	12280	 2048	37984	0.986880	1.059233	1.066119	0.999297
	15360	 2048	37984	0.975512	1.033410	1.075559	1.022440
	16384	 2048	37984	1.005951	1.001574	1.065348	0.992190
	  384	  384	  384	0.537309	0.605161	0.579631	0.100464
	 4096	 4096	 4096	1.040466	1.027731	0.991210	1.102372
	 1024	 1024	 1024	0.675734	0.766075	0.647724	0.179932
	 2048	 2048	 2048	0.943442	0.866529	0.881785	0.667948
