#	       M	       K	       N	     v33	  no_tma	 dev_tma	host_tma
	       1	       4	    2048	0.002561	0.002464	0.004827	     nan
	       2	       4	    2048	0.002914	0.002822	0.004838	     nan
	       4	       4	    2048	0.002919	0.002811	0.004909	     nan
	       8	       4	    2048	0.002911	0.002812	0.005076	     nan
	      16	       4	    2048	0.002986	0.002873	0.004912	     nan
	      24	       4	    2048	0.002987	0.002928	0.004956	     nan
	      32	       4	    2048	0.002998	0.002943	0.005108	     nan
	      40	       4	    2048	0.002941	0.002895	0.004997	     nan
	      48	       4	    2048	0.002934	0.002891	0.005150	     nan
	      56	       4	    2048	0.002972	0.002920	0.005149	     nan
	      64	       4	    2048	0.002980	0.002933	0.005152	     nan
	      72	       4	    2048	0.003139	0.003083	0.005211	     nan
	      80	       4	    2048	0.003133	0.003083	0.005250	     nan
	      88	       4	    2048	0.003137	0.003079	0.005296	     nan
	      96	       4	    2048	0.003137	0.003094	0.005310	     nan
	     104	       4	    2048	0.003143	0.003116	0.005159	     nan
	     112	       4	    2048	0.003139	0.003107	0.005187	     nan
	     120	       4	    2048	0.003165	0.003144	0.005235	     nan
	     128	       4	    2048	0.003167	0.003131	0.005243	     nan
	     136	       4	    2048	0.003429	0.003398	0.005254	     nan
	     144	       4	    2048	0.003452	0.003420	0.005406	     nan
	     152	       4	    2048	0.003483	0.003446	0.005314	     nan
	     160	       4	    2048	0.003484	0.003438	0.005231	     nan
	     168	       4	    2048	0.003480	0.003065	0.005391	     nan
	     176	       4	    2048	0.003486	0.003055	0.005301	     nan
	     184	       4	    2048	0.003490	0.003052	0.005218	     nan
	     192	       4	    2048	0.003495	0.003044	0.005240	     nan
	     200	       4	    2048	0.003121	0.003092	0.005315	     nan
	     208	       4	    2048	0.003111	0.003086	0.005402	     nan
	     216	       4	    2048	0.003127	0.003084	0.005298	     nan
	     224	       4	    2048	0.003113	0.003079	0.005376	     nan
	     232	       4	    2048	0.003118	0.003091	0.005352	     nan
	     240	       4	    2048	0.003111	0.003080	0.005385	     nan
	     248	       4	    2048	0.003112	0.003058	0.005351	     nan
	     256	       4	    2048	0.003109	0.003071	0.005674	     nan
	     272	       4	    2048	0.003599	0.003595	0.005520	     nan
	     288	       4	    2048	0.003608	0.003587	0.005709	     nan
	     304	       4	    2048	0.003606	0.003771	0.005766	     nan
	     320	       4	    2048	0.003613	0.003776	0.005804	     nan
	     336	       4	    2048	0.003613	0.003584	0.005811	     nan
	     352	       4	    2048	0.003604	0.003584	0.005781	     nan
	     368	       4	    2048	0.003594	0.003760	0.005948	     nan
	     384	       4	    2048	0.003600	0.003775	0.005909	     nan
	     400	       4	    2048	0.003697	0.003588	0.006175	     nan
	     416	       4	    2048	0.003693	0.003605	0.006032	     nan
	     432	       4	    2048	0.003599	0.003606	0.006219	     nan
	     448	       4	    2048	0.003609	0.003606	0.006135	     nan
	     464	       4	    2048	0.003601	0.003606	0.006226	     nan
	     480	       4	    2048	0.003597	0.003600	0.006220	     nan
	     496	       4	    2048	0.003602	0.003612	0.006339	     nan
	     512	       4	    2048	0.003606	0.003614	0.006327	     nan
	     768	       4	    2048	0.004119	0.004101	0.007630	     nan
	    1024	       4	    2048	0.004802	0.004746	0.008225	     nan
	    1536	       4	    2048	0.006462	0.006610	0.009181	     nan
	    2048	       4	    2048	0.007519	0.007423	0.009975	     nan
	    3072	       4	    2048	0.010461	0.010297	0.015389	     nan
	    4096	       4	    2048	0.013340	0.013075	0.017203	     nan
	    7168	       4	    2048	0.021452	0.020864	0.027311	     nan
	    8192	       4	    2048	0.024122	0.023349	0.030901	     nan
	   11264	       4	    2048	0.031743	0.031249	0.044430	     nan
	   12288	       4	    2048	0.034424	0.033944	0.046677	     nan
	   15360	       4	    2048	0.042246	0.041447	0.057513	     nan
	   16384	       4	    2048	0.044884	0.044350	0.062842	     nan
	       1	     128	    2048	0.003332	0.003378	0.005023	0.002808
	       2	     128	    2048	0.003354	0.003548	0.005093	0.002584
	       4	     128	    2048	0.003361	0.003700	0.005028	0.002549
	       8	     128	    2048	0.003736	0.003683	0.005141	0.002511
	      16	     128	    2048	0.003744	0.003690	0.005058	0.002457
	      24	     128	    2048	0.003756	0.003697	0.005103	0.002478
	      32	     128	    2048	0.003769	0.003716	0.005065	0.002471
	      40	     128	    2048	0.003797	0.003733	0.005141	0.002600
	      48	     128	    2048	0.003823	0.003737	0.005107	0.002606
	      56	     128	    2048	0.003832	0.003786	0.005123	0.002566
	      64	     128	    2048	0.003849	0.003782	0.005109	0.002533
	      72	     128	    2048	0.003600	0.003817	0.005689	0.002819
	      80	     128	    2048	0.003599	0.003827	0.005287	0.002733
	      88	     128	    2048	0.003620	0.003817	0.005221	0.002746
	      96	     128	    2048	0.003614	0.003806	0.005222	0.002696
	     104	     128	    2048	0.003633	0.003799	0.005394	0.002921
	     112	     128	    2048	0.003632	0.003793	0.005273	0.002821
	     120	     128	    2048	0.003653	0.003812	0.005293	0.002778
	     128	     128	    2048	0.003646	0.003830	0.005140	0.002757
	     136	     128	    2048	0.004068	0.003883	0.005255	0.003104
	     144	     128	    2048	0.004095	0.003870	0.005276	0.003091
	     152	     128	    2048	0.004106	0.003898	0.005370	0.003029
	     160	     128	    2048	0.004116	0.003864	0.005322	0.003056
	     168	     128	    2048	0.004124	0.003634	0.005414	0.003003
	     176	     128	    2048	0.004126	0.003632	0.005296	0.002989
	     184	     128	    2048	0.004136	0.003621	0.005320	0.002920
	     192	     128	    2048	0.004135	0.003637	0.005247	0.002885
	     200	     128	    2048	0.003962	0.003924	0.005464	0.003080
	     208	     128	    2048	0.003960	0.003935	0.005304	0.003026
	     216	     128	    2048	0.003965	0.003928	0.005443	0.003021
	     224	     128	    2048	0.003964	0.003943	0.005394	0.003002
	     232	     128	    2048	0.003741	0.003965	0.005354	0.003045
	     240	     128	    2048	0.003742	0.003949	0.005296	0.002984
	     248	     128	    2048	0.003749	0.003969	0.005434	0.002997
	     256	     128	    2048	0.003746	0.003974	0.005340	0.002954
	     272	     128	    2048	0.004456	0.004742	0.005511	0.003085
	     288	     128	    2048	0.004497	0.004755	0.005691	0.003057
	     304	     128	    2048	0.004752	0.004976	0.005619	0.003108
	     320	     128	    2048	0.004749	0.005002	0.005368	0.003086
	     336	     128	    2048	0.004462	0.004541	0.005485	0.002972
	     352	     128	    2048	0.004472	0.004387	0.005530	0.003154
	     368	     128	    2048	0.004748	0.004127	0.005575	0.003247
	     384	     128	    2048	0.004725	0.004115	0.005571	0.003236
	     400	     128	    2048	0.004440	0.004558	0.005558	0.003341
	     416	     128	    2048	0.004446	0.004585	0.005553	0.003318
	     432	     128	    2048	0.004453	0.004752	0.005552	0.003127
	     448	     128	    2048	0.004456	0.004776	0.005538	0.003080
	     464	     128	    2048	0.004453	0.004164	0.005625	0.003285
	     480	     128	    2048	0.004458	0.004181	0.005606	0.003256
	     496	     128	    2048	0.004788	0.004223	0.005576	0.003182
	     512	     128	    2048	0.004773	0.004221	0.005527	0.003151
	     768	     128	    2048	0.005303	0.004945	0.006493	0.004028
	    1024	     128	    2048	0.005582	0.005099	0.006663	0.004215
	    1536	     128	    2048	0.006598	0.006551	0.008220	0.004922
	    2048	     128	    2048	0.007137	0.006851	0.008447	0.005707
	    3072	     128	    2048	0.010856	0.009983	0.013672	0.007197
	    4096	     128	    2048	0.012554	0.012016	0.014989	0.009412
	    7168	     128	    2048	0.022284	0.020688	0.027747	0.016086
	    8192	     128	    2048	0.024136	0.023322	0.029734	0.017793
	   11264	     128	    2048	0.032530	0.031294	0.042770	0.024071
	   12280	     128	    2048	0.034719	0.033623	0.043706	0.026217
	   15360	     128	    2048	0.042567	0.041458	0.056194	0.031902
	   16384	     128	    2048	0.045122	0.044146	0.057214	0.033790
	       1	    1024	    2048	0.006160	0.006548	0.007189	0.005111
	       2	    1024	    2048	0.006631	0.006351	0.007484	0.004780
	       4	    1024	    2048	0.006587	0.006106	0.006969	0.004775
	       8	    1024	    2048	0.006512	0.006652	0.007352	0.004893
	      16	    1024	    2048	0.006497	0.006572	0.007168	0.004726
	      24	    1024	    2048	0.006460	0.006477	0.007345	0.004625
	      32	    1024	    2048	0.006411	0.006484	0.007095	0.004419
	      40	    1024	    2048	0.006492	0.006542	0.007597	0.004309
	      48	    1024	    2048	0.006466	0.006509	0.007290	0.004195
	      56	    1024	    2048	0.006463	0.006568	0.007652	0.004170
	      64	    1024	    2048	0.006477	0.006584	0.007549	0.004176
	      72	    1024	    2048	0.007468	0.006561	0.008636	0.005835
	      80	    1024	    2048	0.007459	0.006529	0.008770	0.005572
	      88	    1024	    2048	0.007505	0.006592	0.007766	0.005400
	      96	    1024	    2048	0.007482	0.006542	0.007859	0.005321
	     104	    1024	    2048	0.007571	0.006689	0.008882	0.005056
	     112	    1024	    2048	0.007590	0.006638	0.008126	0.004661
	     120	    1024	    2048	0.007579	0.006667	0.008104	0.004387
	     128	    1024	    2048	0.007599	0.006673	0.007444	0.004285
	     136	    1024	    2048	0.007809	0.006704	0.008505	0.005259
	     144	    1024	    2048	0.007813	0.006679	0.008289	0.005085
	     152	    1024	    2048	0.007805	0.006676	0.008368	0.005179
	     160	    1024	    2048	0.007816	0.006687	0.008239	0.004970
	     168	    1024	    2048	0.007805	0.006700	0.008069	0.006358
	     176	    1024	    2048	0.007819	0.006649	0.007983	0.006136
	     184	    1024	    2048	0.007796	0.006681	0.007932	0.005642
	     192	    1024	    2048	0.007821	0.006684	0.007846	0.005511
	     200	    1024	    2048	0.007877	0.006752	0.009102	0.005158
	     208	    1024	    2048	0.007892	0.006704	0.008532	0.005134
	     216	    1024	    2048	0.007877	0.006748	0.008381	0.005104
	     224	    1024	    2048	0.007896	0.006738	0.008503	0.005071
	     232	    1024	    2048	0.007837	0.006356	0.008311	0.007245
	     240	    1024	    2048	0.007838	0.006334	0.008210	0.006518
	     248	    1024	    2048	0.007847	0.006351	0.008142	0.006074
	     256	    1024	    2048	0.007860	0.006319	0.007977	0.005848
	     272	    1024	    2048	0.009494	0.008356	0.009014	0.006999
	     288	    1024	    2048	0.009483	0.008345	0.008678	0.006746
	     304	    1024	    2048	0.009514	0.008352	0.008629	0.006318
	     320	    1024	    2048	0.009475	0.008346	0.008853	0.006256
	     336	    1024	    2048	0.009455	0.008498	0.009107	0.007040
	     352	    1024	    2048	0.009449	0.008374	0.009132	0.006931
	     368	    1024	    2048	0.009615	0.008938	0.009044	0.006638
	     384	    1024	    2048	0.009573	0.008894	0.008883	0.006393
	     400	    1024	    2048	0.009593	0.008535	0.009310	0.007359
	     416	    1024	    2048	0.009616	0.008462	0.009300	0.007093
	     432	    1024	    2048	0.009617	0.008528	0.008941	0.006602
	     448	    1024	    2048	0.009638	0.008471	0.008920	0.006559
	     464	    1024	    2048	0.009613	0.008535	0.009495	0.007288
	     480	    1024	    2048	0.009661	0.008507	0.009126	0.007013
	     496	    1024	    2048	0.010144	0.009037	0.009011	0.005716
	     512	    1024	    2048	0.010133	0.008987	0.009030	0.005641
	     768	    1024	    2048	0.013431	0.010338	0.012702	0.007975
	    1024	    1024	    2048	0.012903	0.010457	0.014828	0.008419
	    1536	    1024	    2048	0.021320	0.017461	0.015735	0.012083
	    2048	    1024	    2048	0.020306	0.017635	0.016563	0.013865
	    3072	    1024	    2048	0.041531	0.028111	0.031757	0.020746
	    4096	    1024	    2048	0.050637	0.051431	0.038155	0.029260
	    7168	    1024	    2048	0.079000	0.068577	0.065634	0.056353
	    8192	    1024	    2048	0.085726	0.070870	0.069852	0.060847
	   11264	    1024	    2048	0.130870	0.107614	0.098848	0.087564
	   12280	    1024	    2048	0.140856	0.107056	0.102250	0.088426
	   15360	    1024	    2048	0.170423	0.140681	0.133748	0.110779
	   16384	    1024	    2048	0.169318	0.142820	0.135704	0.124180
	       1	    2048	       1	0.006902	0.007197	0.008781	     nan
	       2	    2048	       1	0.007879	0.007778	0.008852	     nan
	       4	    2048	       1	0.007894	0.007704	0.008835	     nan
	       8	    2048	       1	0.007755	0.007712	0.008836	     nan
	      16	    2048	       1	0.007785	0.007807	0.008967	     nan
	      24	    2048	       1	0.007782	0.007741	0.009042	     nan
	      32	    2048	       1	0.007793	0.007746	0.008971	     nan
	      40	    2048	       1	0.007763	0.007784	0.008960	     nan
	      48	    2048	       1	0.007777	0.007766	0.008986	     nan
	      56	    2048	       1	0.007790	0.007761	0.009130	     nan
	      64	    2048	       1	0.007779	0.007745	0.008998	     nan
	      72	    2048	       1	0.007898	0.007897	0.009160	     nan
	      80	    2048	       1	0.007908	0.007880	0.009166	     nan
	      88	    2048	       1	0.007920	0.007865	0.009166	     nan
	      96	    2048	       1	0.007924	0.007909	0.009197	     nan
	     104	    2048	       1	0.007935	0.007932	0.009211	     nan
	     112	    2048	       1	0.007943	0.007934	0.009226	     nan
	     120	    2048	       1	0.007990	0.007972	0.009210	     nan
	     128	    2048	       1	0.007982	0.007959	0.009211	     nan
	     136	    2048	       1	0.008016	0.007990	0.010089	     nan
	     144	    2048	       1	0.008004	0.008003	0.010070	     nan
	     152	    2048	       1	0.008021	0.008016	0.010089	     nan
	     160	    2048	       1	0.008038	0.008015	0.010050	     nan
	     168	    2048	       1	0.008047	0.007997	0.010096	     nan
	     176	    2048	       1	0.008026	0.007977	0.010215	     nan
	     184	    2048	       1	0.008017	0.008000	0.010126	     nan
	     192	    2048	       1	0.008026	0.008007	0.010097	     nan
	     200	    2048	       1	0.008285	0.008246	0.010132	     nan
	     208	    2048	       1	0.008266	0.008239	0.010101	     nan
	     216	    2048	       1	0.008577	0.008538	0.010065	     nan
	     224	    2048	       1	0.008554	0.008537	0.010125	     nan
	     232	    2048	       1	0.008872	0.008830	0.010178	     nan
	     240	    2048	       1	0.008870	0.008813	0.010180	     nan
	     248	    2048	       1	0.008883	0.008828	0.010109	     nan
	     256	    2048	       1	0.008892	0.008817	0.010102	     nan
	     272	    2048	       1	0.008985	0.008930	0.010105	     nan
	     288	    2048	       1	0.008980	0.008934	0.010636	     nan
	     304	    2048	       1	0.008977	0.008947	0.010584	     nan
	     320	    2048	       1	0.008982	0.008939	0.010540	     nan
	     336	    2048	       1	0.009009	0.008991	0.011294	     nan
	     352	    2048	       1	0.009029	0.009015	0.010906	     nan
	     368	    2048	       1	0.009042	0.009021	0.011198	     nan
	     384	    2048	       1	0.009017	0.009001	0.011102	     nan
	     400	    2048	       1	0.009019	0.008997	0.012397	     nan
	     416	    2048	       1	0.009002	0.008993	0.012434	     nan
	     432	    2048	       1	0.009022	0.008980	0.012484	     nan
	     448	    2048	       1	0.009021	0.008996	0.012102	     nan
	     464	    2048	       1	0.009181	0.009136	0.013221	     nan
	     480	    2048	       1	0.009323	0.009306	0.013212	     nan
	     496	    2048	       1	0.009604	0.009601	0.013235	     nan
	     512	    2048	       1	0.009629	0.009622	0.013136	     nan
	     768	    2048	       1	0.010561	0.009930	0.014166	     nan
	    1024	    2048	       1	0.012270	0.010962	0.016804	     nan
	    1536	    2048	       1	0.013165	0.011970	0.019295	     nan
	    2048	    2048	       1	0.014007	0.013499	0.022003	     nan
	    3072	    2048	       1	0.018164	0.017716	0.026425	     nan
	    4096	    2048	       1	0.021102	0.020845	0.029710	     nan
	    7168	    2048	       1	0.028882	0.028513	0.036325	     nan
	    8192	    2048	       1	0.030179	0.029944	0.040154	     nan
	   11264	    2048	       1	0.044024	0.041931	0.049565	     nan
	   12280	    2048	       1	0.048254	0.047048	0.052776	     nan
	   15360	    2048	       1	0.056735	0.056724	0.061958	     nan
	   16384	    2048	       1	0.060379	0.055862	0.064908	     nan
	       1	    2048	      16	0.009691	0.008776	0.008625	0.005739
	       2	    2048	      16	0.010655	0.010157	0.008656	0.005753
	       4	    2048	      16	0.010636	0.010126	0.008655	0.005748
	       8	    2048	      16	0.010675	0.010179	0.008673	0.005751
	      16	    2048	      16	0.010679	0.010144	0.008664	0.005768
	      24	    2048	      16	0.010685	0.010171	0.008630	0.005915
	      32	    2048	      16	0.010672	0.010123	0.008628	0.006072
	      40	    2048	      16	0.010666	0.010237	0.008618	0.006189
	      48	    2048	      16	0.010652	0.010170	0.008621	0.006244
	      56	    2048	      16	0.010652	0.010257	0.008649	0.006325
	      64	    2048	      16	0.010660	0.010262	0.008641	0.006440
	      72	    2048	      16	0.010747	0.010193	0.008702	0.006425
	      80	    2048	      16	0.010789	0.010110	0.008685	0.006444
	      88	    2048	      16	0.010745	0.010178	0.008681	0.006432
	      96	    2048	      16	0.010763	0.010213	0.008659	0.006430
	     104	    2048	      16	0.010711	0.010207	0.008658	0.006984
	     112	    2048	      16	0.010745	0.010165	0.008653	0.007021
	     120	    2048	      16	0.011002	0.010439	0.008225	0.007006
	     128	    2048	      16	0.010997	0.010463	0.008233	0.006999
	     136	    2048	      16	0.011015	0.010292	0.008296	0.006504
	     144	    2048	      16	0.011017	0.010252	0.008300	0.006524
	     152	    2048	      16	0.011026	0.010289	0.008582	0.006534
	     160	    2048	      16	0.010998	0.010282	0.008596	0.006529
	     168	    2048	      16	0.010987	0.010513	0.008736	0.006512
	     176	    2048	      16	0.011004	0.010415	0.008646	0.006531
	     184	    2048	      16	0.010984	0.010461	0.008739	0.006522
	     192	    2048	      16	0.010977	0.010469	0.008739	0.006553
	     200	    2048	      16	0.010999	0.010453	0.008747	0.006532
	     208	    2048	      16	0.011052	0.010440	0.008741	0.006532
	     216	    2048	      16	0.011127	0.010452	0.008722	0.006524
	     224	    2048	      16	0.011103	0.010497	0.008709	0.006525
	     232	    2048	      16	0.011213	0.010657	0.008787	0.006516
	     240	    2048	      16	0.011176	0.010596	0.008706	0.006520
	     248	    2048	      16	0.011143	0.010647	0.008673	0.006533
	     256	    2048	      16	0.011176	0.010652	0.008677	0.006553
	     272	    2048	      16	0.011530	0.010675	0.008816	0.006517
	     288	    2048	      16	0.011520	0.010568	0.008777	0.006537
	     304	    2048	      16	0.011505	0.010993	0.008745	0.006524
	     320	    2048	      16	0.011533	0.010959	0.008818	0.006551
	     336	    2048	      16	0.011604	0.010693	0.008897	0.006522
	     352	    2048	      16	0.011597	0.010640	0.009009	0.006554
	     368	    2048	      16	0.011621	0.010678	0.009109	0.007064
	     384	    2048	      16	0.011653	0.010599	0.009120	0.007115
	     400	    2048	      16	0.011664	0.010721	0.009171	0.006519
	     416	    2048	      16	0.011726	0.010655	0.009137	0.006546
	     432	    2048	      16	0.011728	0.010721	0.009035	0.007125
	     448	    2048	      16	0.011702	0.010637	0.009100	0.007140
	     464	    2048	      16	0.011775	0.010703	0.008986	0.007158
	     480	    2048	      16	0.011873	0.010673	0.009010	0.007166
	     496	    2048	      16	0.011964	0.010724	0.009032	0.006531
	     512	    2048	      16	0.011964	0.010682	0.009022	0.006556
	     768	    2048	      16	0.012523	0.010745	0.009325	0.006524
	    1024	    2048	      16	0.013108	0.010852	0.009653	0.006533
	    1536	    2048	      16	0.013160	0.011195	0.010043	0.007892
	    2048	    2048	      16	0.013492	0.011506	0.010117	0.007110
	    3072	    2048	      16	0.014158	0.012268	0.012107	0.007764
	    4096	    2048	      16	0.015256	0.013284	0.011499	0.008261
	    7168	    2048	      16	0.021127	0.019468	0.014493	0.010929
	    8192	    2048	      16	0.021942	0.021154	0.015480	0.011869
	   11264	    2048	      16	0.030403	0.030866	0.022496	0.019708
	   12280	    2048	      16	0.033103	0.033189	0.024807	0.021737
	   15360	    2048	      16	0.040373	0.037345	0.029784	0.026105
	   16384	    2048	      16	0.044021	0.038473	0.031271	0.026770
	       1	    2048	     512	0.007917	0.008427	0.008794	0.005802
	       2	    2048	     512	0.009568	0.008234	0.008784	0.005811
	       4	    2048	     512	0.009032	0.008239	0.008171	0.005784
	       8	    2048	     512	0.009538	0.008239	0.008151	0.006991
	      16	    2048	     512	0.009059	0.008241	0.008789	0.005795
	      24	    2048	     512	0.009551	0.008269	0.008728	0.005793
	      32	    2048	     512	0.009585	0.008227	0.008713	0.005823
	      40	    2048	     512	0.009039	0.008288	0.008750	0.007073
	      48	    2048	     512	0.009038	0.008238	0.008809	0.007057
	      56	    2048	     512	0.009040	0.008268	0.008829	0.007069
	      64	    2048	     512	0.009058	0.008323	0.008749	0.007078
	      72	    2048	     512	0.009069	0.008299	0.008906	0.005896
	      80	    2048	     512	0.009097	0.008283	0.008733	0.005732
	      88	    2048	     512	0.009084	0.008190	0.008859	0.005888
	      96	    2048	     512	0.009096	0.008313	0.008762	0.005886
	     104	    2048	     512	0.009093	0.010073	0.008855	0.005873
	     112	    2048	     512	0.009105	0.010066	0.009060	0.005882
	     120	    2048	     512	0.009119	0.010075	0.008875	0.005895
	     128	    2048	     512	0.009106	0.010091	0.008783	0.005845
	     136	    2048	     512	0.009192	0.008373	0.008989	0.005907
	     144	    2048	     512	0.009159	0.008348	0.008882	0.005994
	     152	    2048	     512	0.009152	0.008363	0.009147	0.005883
	     160	    2048	     512	0.009142	0.008365	0.009141	0.005921
	     168	    2048	     512	0.009138	0.008375	0.009071	0.005870
	     176	    2048	     512	0.009157	0.008341	0.009143	0.005938
	     184	    2048	     512	0.009157	0.008420	0.009130	0.005901
	     192	    2048	     512	0.009171	0.008368	0.009362	0.005895
	     200	    2048	     512	0.009192	0.008422	0.009195	0.006131
	     208	    2048	     512	0.009178	0.008494	0.009369	0.006036
	     216	    2048	     512	0.009200	0.008477	0.009213	0.005976
	     224	    2048	     512	0.009209	0.008417	0.009405	0.005941
	     232	    2048	     512	0.009224	0.010119	0.009452	0.005912
	     240	    2048	     512	0.009205	0.010106	0.009433	0.005934
	     248	    2048	     512	0.009216	0.010098	0.009483	0.005936
	     256	    2048	     512	0.009200	0.010158	0.009269	0.005857
	     272	    2048	     512	0.011254	0.009684	0.009551	0.006568
	     288	    2048	     512	0.011347	0.009660	0.009431	0.006446
	     304	    2048	     512	0.011348	0.009722	0.009573	0.006014
	     320	    2048	     512	0.011367	0.009681	0.009755	0.005979
	     336	    2048	     512	0.011398	0.009721	0.009988	0.006899
	     352	    2048	     512	0.011377	0.009652	0.009605	0.006728
	     368	    2048	     512	0.011468	0.010140	0.009863	0.006671
	     384	    2048	     512	0.011386	0.010179	0.009773	0.006241
	     400	    2048	     512	0.011404	0.009706	0.009904	0.007192
	     416	    2048	     512	0.011417	0.009672	0.009654	0.007048
	     432	    2048	     512	0.011463	0.009731	0.010002	0.006803
	     448	    2048	     512	0.011428	0.009681	0.009933	0.006489
	     464	    2048	     512	0.011481	0.009726	0.010004	0.007736
	     480	    2048	     512	0.011478	0.009672	0.009929	0.007516
	     496	    2048	     512	0.011506	0.010021	0.010214	0.009044
	     512	    2048	     512	0.011452	0.010022	0.009911	0.008832
	     768	    2048	     512	0.012114	0.008650	0.010862	0.006897
	    1024	    2048	     512	0.012122	0.010093	0.010763	0.007501
	    1536	    2048	     512	0.015143	0.012552	0.012173	0.009318
	    2048	    2048	     512	0.015301	0.012579	0.012592	0.009130
	    3072	    2048	     512	0.020926	0.017447	0.020829	0.014328
	    4096	    2048	     512	0.023496	0.018019	0.018150	0.014438
	    7168	    2048	     512	0.039890	0.031560	0.027941	0.026294
	    8192	    2048	     512	0.042894	0.033040	0.030086	0.028568
	   11264	    2048	     512	0.065153	0.059617	0.053954	0.042520
	   12280	    2048	     512	0.067703	0.061535	0.055283	0.044802
	   15360	    2048	     512	0.083519	0.065574	0.060346	0.056567
	   16384	    2048	     512	0.083728	0.067489	0.061887	0.058259
	       1	    2048	    2560	0.008968	0.009087	0.009399	0.007689
	       2	    2048	    2560	0.010110	0.008641	0.009653	0.007688
	       4	    2048	    2560	0.009798	0.008585	0.009512	0.007467
	       8	    2048	    2560	0.009765	0.008513	0.009204	0.007257
	      16	    2048	    2560	0.009746	0.008555	0.009330	0.007223
	      24	    2048	    2560	0.009674	0.008363	0.009158	0.007121
	      32	    2048	    2560	0.009751	0.008318	0.009290	0.007178
	      40	    2048	    2560	0.009779	0.008454	0.009654	0.007168
	      48	    2048	    2560	0.009742	0.008404	0.009916	0.006449
	      56	    2048	    2560	0.011410	0.015631	0.009490	0.005949
	      64	    2048	    2560	0.011409	0.015695	0.009877	0.005951
	      72	    2048	    2560	0.011483	0.009760	0.010565	0.010611
	      80	    2048	    2560	0.011465	0.009732	0.010501	0.009559
	      88	    2048	    2560	0.011509	0.009785	0.010240	0.008901
	      96	    2048	    2560	0.011504	0.009776	0.009977	0.008904
	     104	    2048	    2560	0.012000	0.010156	0.010425	0.010327
	     112	    2048	    2560	0.012033	0.010171	0.010388	0.009668
	     120	    2048	    2560	0.012017	0.010178	0.010329	0.008809
	     128	    2048	    2560	0.012053	0.010170	0.010262	0.008469
	     136	    2048	    2560	0.012184	0.009853	0.013257	0.008781
	     144	    2048	    2560	0.012160	0.009837	0.012580	0.008510
	     152	    2048	    2560	0.012125	0.009899	0.012289	0.008142
	     160	    2048	    2560	0.012171	0.009855	0.011720	0.007992
	     168	    2048	    2560	0.012150	0.009889	0.011162	0.007733
	     176	    2048	    2560	0.012162	0.009851	0.010872	0.007603
	     184	    2048	    2560	0.012171	0.009872	0.010690	0.007442
	     192	    2048	    2560	0.012164	0.009852	0.010716	0.007269
	     200	    2048	    2560	0.014942	0.011951	0.012017	0.011423
	     208	    2048	    2560	0.014915	0.011916	0.011759	0.011123
	     216	    2048	    2560	0.014912	0.011923	0.012173	0.010968
	     224	    2048	    2560	0.014890	0.011922	0.011782	0.010974
	     232	    2048	    2560	0.016315	0.013893	0.011531	0.010583
	     240	    2048	    2560	0.015014	0.013873	0.011580	0.010199
	     248	    2048	    2560	0.016277	0.013871	0.011865	0.009741
	     256	    2048	    2560	0.015039	0.013873	0.011659	0.009701
	     272	    2048	    2560	0.015108	0.012057	0.012885	0.012239
	     288	    2048	    2560	0.015116	0.012054	0.012724	0.011640
	     304	    2048	    2560	0.015124	0.012208	0.012175	0.010519
	     320	    2048	    2560	0.015162	0.011989	0.012106	0.010146
	     336	    2048	    2560	0.015139	0.012142	0.013990	0.013377
	     352	    2048	    2560	0.015124	0.012033	0.013339	0.012435
	     368	    2048	    2560	0.015162	0.012880	0.012465	0.009272
	     384	    2048	    2560	0.015175	0.012842	0.012339	0.009235
	     400	    2048	    2560	0.019616	0.018046	0.019385	0.014295
	     416	    2048	    2560	0.019633	0.017942	0.018684	0.014063
	     432	    2048	    2560	0.019628	0.018052	0.018312	0.013724
	     448	    2048	    2560	0.019644	0.018012	0.018007	0.013795
	     464	    2048	    2560	0.019726	0.018093	0.020633	0.014111
	     480	    2048	    2560	0.019735	0.017977	0.019767	0.013877
	     496	    2048	    2560	0.019738	0.017402	0.019828	0.013848
	     512	    2048	    2560	0.019780	0.017345	0.019563	0.013736
	     768	    2048	    2560	0.023106	0.016802	0.017928	0.014050
	    1024	    2048	    2560	0.029491	0.028520	0.025197	0.022999
	    1536	    2048	    2560	0.037458	0.031306	0.027222	0.033451
	    2048	    2048	    2560	0.061170	0.052598	0.054686	0.036537
	    3072	    2048	    2560	0.081352	0.065349	0.067223	0.066971
	    4096	    2048	    2560	0.121462	0.092239	0.084676	0.082508
	    7168	    2048	    2560	0.200059	0.158524	0.140077	0.124795
	    8192	    2048	    2560	0.200972	0.157484	0.144790	0.145865
	   11264	    2048	    2560	0.275958	0.223295	0.203070	0.204422
	   12280	    2048	    2560	0.332636	0.251016	0.231791	0.212666
	   15360	    2048	    2560	0.398062	0.314087	0.288465	0.286120
	   16384	    2048	    2560	0.392831	0.321334	0.290800	0.293413
	       1	    2048	    3072	0.009073	0.009127	0.009544	0.008705
	       2	    2048	    3072	0.010121	0.008631	0.009258	0.008836
	       4	    2048	    3072	0.009833	0.008578	0.009696	0.008770
	       8	    2048	    3072	0.009786	0.008573	0.008873	0.007444
	      16	    2048	    3072	0.009316	0.008554	0.008957	0.007270
	      24	    2048	    3072	0.009791	0.008477	0.009569	0.007164
	      32	    2048	    3072	0.009807	0.008461	0.009449	0.007199
	      40	    2048	    3072	0.011449	0.009707	0.010258	0.007951
	      48	    2048	    3072	0.011479	0.009676	0.010121	0.007099
	      56	    2048	    3072	0.011568	0.009718	0.010028	0.006020
	      64	    2048	    3072	0.011550	0.009773	0.010025	0.006013
	      72	    2048	    3072	0.011604	0.009811	0.013147	0.009158
	      80	    2048	    3072	0.011627	0.009796	0.011983	0.008737
	      88	    2048	    3072	0.015189	0.009788	0.012076	0.008289
	      96	    2048	    3072	0.015206	0.009864	0.011993	0.008189
	     104	    2048	    3072	0.012194	0.010190	0.011320	0.011508
	     112	    2048	    3072	0.012190	0.010168	0.010520	0.010113
	     120	    2048	    3072	0.012268	0.010205	0.010371	0.008946
	     128	    2048	    3072	0.012240	0.010187	0.010411	0.008486
	     136	    2048	    3072	0.015816	0.012021	0.012609	0.011335
	     144	    2048	    3072	0.015072	0.011995	0.011897	0.010866
	     152	    2048	    3072	0.015491	0.011961	0.011517	0.010895
	     160	    2048	    3072	0.015070	0.012001	0.012149	0.010753
	     168	    2048	    3072	0.015419	0.012024	0.011441	0.010327
	     176	    2048	    3072	0.015036	0.012018	0.011596	0.010234
	     184	    2048	    3072	0.015530	0.011949	0.013545	0.009999
	     192	    2048	    3072	0.015100	0.012011	0.011516	0.009797
	     200	    2048	    3072	0.015179	0.012133	0.013000	0.012361
	     208	    2048	    3072	0.015180	0.012004	0.012546	0.011805
	     216	    2048	    3072	0.015183	0.012001	0.012729	0.011538
	     224	    2048	    3072	0.015158	0.012028	0.012182	0.011527
	     232	    2048	    3072	0.016753	0.013877	0.012272	0.010607
	     240	    2048	    3072	0.015113	0.013889	0.011773	0.010177
	     248	    2048	    3072	0.016767	0.013895	0.011741	0.009894
	     256	    2048	    3072	0.015130	0.013906	0.012425	0.009792
	     272	    2048	    3072	0.015235	0.012214	0.014222	0.014107
	     288	    2048	    3072	0.015227	0.012110	0.013637	0.013052
	     304	    2048	    3072	0.015289	0.012249	0.012844	0.011154
	     320	    2048	    3072	0.015338	0.012138	0.012478	0.010658
	     336	    2048	    3072	0.019718	0.018091	0.019355	0.014278
	     352	    2048	    3072	0.019750	0.018001	0.018970	0.014362
	     368	    2048	    3072	0.019769	0.017934	0.018200	0.013857
	     384	    2048	    3072	0.019756	0.018034	0.018351	0.013760
	     400	    2048	    3072	0.019826	0.018128	0.020984	0.015449
	     416	    2048	    3072	0.019970	0.018082	0.020371	0.015243
	     432	    2048	    3072	0.020132	0.018376	0.020045	0.013854
	     448	    2048	    3072	0.020144	0.018192	0.018853	0.013948
	     464	    2048	    3072	0.020021	0.018544	0.022880	0.014266
	     480	    2048	    3072	0.020112	0.018094	0.021131	0.013794
	     496	    2048	    3072	0.020377	0.017453	0.021181	0.013269
	     512	    2048	    3072	0.020178	0.017498	0.017683	0.013059
	     768	    2048	    3072	0.029417	0.027525	0.024409	0.018917
	    1024	    2048	    3072	0.031442	0.028507	0.035935	0.022931
	    1536	    2048	    3072	0.054696	0.050300	0.044685	0.034599
	    2048	    2048	    3072	0.069968	0.053802	0.057796	0.053503
	    3072	    2048	    3072	0.106809	0.090975	0.084504	0.078920
	    4096	    2048	    3072	0.123598	0.096361	0.105017	0.087892
	    7168	    2048	    3072	0.238490	0.185476	0.169045	0.159516
	    8192	    2048	    3072	0.239598	0.188912	0.176148	0.171528
	   11264	    2048	    3072	0.317171	0.259934	0.244218	0.234884
	   12280	    2048	    3072	0.371019	0.293768	0.268846	0.263979
	   15360	    2048	    3072	0.465691	0.367130	0.329553	0.319082
	   16384	    2048	    3072	0.513620	0.398787	0.358606	0.351126
	       1	    2048	   37984	0.065936	0.064564	0.061291	0.054936
	       2	    2048	   37984	0.058509	0.059194	0.061293	0.054046
	       4	    2048	   37984	0.058653	0.057439	0.060978	0.054359
	       8	    2048	   37984	0.057828	0.057674	0.064582	0.054094
	      16	    2048	   37984	0.058361	0.057771	0.062226	0.053822
	      24	    2048	   37984	0.059490	0.059418	0.059338	0.054263
	      32	    2048	   37984	0.060217	0.059407	0.062689	0.054843
	      40	    2048	   37984	0.060102	0.059856	0.061265	0.054904
	      48	    2048	   37984	0.060395	0.060106	0.061563	0.055108
	      56	    2048	   37984	0.060901	0.060257	0.062554	0.055589
	      64	    2048	   37984	0.061206	0.060746	0.062739	0.055798
	      72	    2048	   37984	0.072426	0.069697	0.072232	0.062065
	      80	    2048	   37984	0.074311	0.070191	0.072202	0.058267
	      88	    2048	   37984	0.073808	0.070356	0.072433	0.058257
	      96	    2048	   37984	0.073734	0.071030	0.072779	0.058803
	     104	    2048	   37984	0.074138	0.070847	0.073109	0.059142
	     112	    2048	   37984	0.073968	0.071440	0.070107	0.059405
	     120	    2048	   37984	0.073767	0.070974	0.071058	0.060052
	     128	    2048	   37984	0.075185	0.072594	0.070792	0.060688
	     136	    2048	   37984	0.104347	0.098120	0.097043	0.103015
	     144	    2048	   37984	0.104768	0.097783	0.096406	0.094489
	     152	    2048	   37984	0.105172	0.096135	0.094719	0.090162
	     160	    2048	   37984	0.104151	0.098717	0.094594	0.089570
	     168	    2048	   37984	0.105775	0.097906	0.093773	0.084087
	     176	    2048	   37984	0.105643	0.098585	0.093536	0.082044
	     184	    2048	   37984	0.105381	0.097119	0.093276	0.081726
	     192	    2048	   37984	0.105659	0.099934	0.093463	0.082233
	     200	    2048	   37984	0.120381	0.096518	0.094792	0.095556
	     208	    2048	   37984	0.120647	0.100097	0.093745	0.093695
	     216	    2048	   37984	0.121739	0.099814	0.093707	0.092954
	     224	    2048	   37984	0.122974	0.099741	0.094139	0.092068
	     232	    2048	   37984	0.121048	0.098246	0.094342	0.090680
	     240	    2048	   37984	0.120594	0.101220	0.094589	0.091833
	     248	    2048	   37984	0.122624	0.101655	0.094928	0.091527
	     256	    2048	   37984	0.121111	0.101662	0.095500	0.092015
	     272	    2048	   37984	0.155254	0.135918	0.126490	0.141899
	     288	    2048	   37984	0.153475	0.137489	0.125994	0.134597
	     304	    2048	   37984	0.152455	0.135842	0.123861	0.125042
	     320	    2048	   37984	0.153738	0.135441	0.123935	0.124314
	     336	    2048	   37984	0.167118	0.137700	0.123180	0.127395
	     352	    2048	   37984	0.164897	0.137964	0.123742	0.125489
	     368	    2048	   37984	0.163643	0.134799	0.123741	0.120737
	     384	    2048	   37984	0.162490	0.136827	0.123184	0.120080
	     400	    2048	   37984	0.207790	0.166786	0.158920	0.163915
	     416	    2048	   37984	0.213010	0.169268	0.158478	0.161693
	     432	    2048	   37984	0.212351	0.167828	0.157599	0.158333
	     448	    2048	   37984	0.211102	0.171026	0.156675	0.157036
	     464	    2048	   37984	0.207967	0.170397	0.156104	0.149927
	     480	    2048	   37984	0.209527	0.170125	0.154364	0.148289
	     496	    2048	   37984	0.213256	0.169484	0.154752	0.145550
	     512	    2048	   37984	0.214518	0.172467	0.154747	0.143134
	     768	    2048	   37984	0.297474	0.241180	0.217946	0.213083
	    1024	    2048	   37984	0.379984	0.315953	0.308315	0.272966
	    1536	    2048	   37984	0.585994	0.489026	0.442192	0.411539
	    2048	    2048	   37984	0.750776	0.631711	0.598337	0.525632
	    3072	    2048	   37984	1.100761	0.982264	0.879826	0.803121
	    4096	    2048	   37984	1.464852	1.251434	1.141754	1.056245
	    7168	    2048	   37984	2.581471	2.169144	1.948411	1.868250
	    8192	    2048	   37984	2.970735	2.453495	2.306378	2.142774
	   11264	    2048	   37984	4.058181	3.661956	3.270022	2.944525
	   12280	    2048	   37984	4.542989	4.005935	3.654231	3.269950
	   15360	    2048	   37984	5.567942	4.863767	4.673977	4.115658
	   16384	    2048	   37984	5.847169	5.030116	4.894605	4.293053
	     384	     384	     384	0.005271	0.005933	0.006027	0.003182
	    4096	    4096	    4096	0.292879	0.237997	0.212932	0.227758
	    1024	    1024	    1024	0.010384	0.010699	0.009506	0.005862
	    2048	    2048	    2048	0.039484	0.030267	0.028427	0.025201
	    4096	    4096	    4096	0.293609	0.239452	0.214705	0.241511
